9.4857978
9.5016417
9.5175309
9.5334657
9.5494462
9.5654725
9.5815449
9.5976635
9.6138286
9.6300402
9.6462986
9.662604
9.6789565
9.6953564
9.7118037
9.7282988
9.7448417
9.7614327
9.778072
9.7947598
9.8114961
9.8282813
9.8451156
9.861999
9.8789319
9.8959144
9.9129467
9.9300291
9.9471616
9.9643445
9.981578
9.9988624
10.016198
10.033584
10.051022
10.068512
10.086053
10.103647
10.121293
10.138991
10.156742
10.174546
10.192402
10.210313
10.228276
10.246294
10.264365
10.282491
10.300671
10.318905
10.337195
10.355539
10.373939
10.392395
10.410906
10.429473
10.448096
10.466776
10.485512
10.504305
10.523156
10.542063
10.561029
10.580052
10.599133
10.618273
10.637471
10.656728
10.676044
10.695419
10.714854
10.734349
10.753904
10.773519
10.793194
10.81293
10.832728
10.852586
10.872507
10.892489
10.912533
10.932639
10.952808
10.97304
10.993335
11.013694
11.034116
11.054602
11.075152
11.095767
11.116447
11.137191
11.158001
11.178877
11.199818
11.220825
11.241899
11.26304
11.284248
11.305522
11.326865
11.348275
11.369754
11.391301
11.412917
11.434602
11.456356
11.47818
11.500073
11.522037
11.544072
11.566178
11.588354
11.610602
11.632922
11.655315
11.677779
11.700316
11.722927
11.74561
11.768368
11.791199
11.814105
11.837086
11.860142
11.883273
11.906479
11.929762
11.953121
11.976557
12.00007
12.02366
12.047328
12.071074
12.094898
12.118802
12.142784
12.166846
12.190988
12.21521
12.239512
12.263896
12.288361
12.312907
12.337536
12.362247
12.387041
12.411917
12.436878
12.461922
12.487051
12.512264
12.537563
12.562947
12.588417
12.613973
12.639616
12.665345
12.691163
12.717068
12.743061
12.769143
12.795314
12.821575
12.847925
12.874366
12.900898
12.927521
12.954235
12.981042
13.007941
13.034932
13.062017
13.089196
13.116469
13.143837
13.1713
13.198858
13.226513
13.254264
13.282111
13.310056
13.338099
13.366241
13.394481
13.42282
13.451259
13.479798
13.508438
13.537179
13.566021
13.594966
13.624013
13.653164
13.682418
13.711776
13.741238
13.770806
13.80048
13.830259
13.860146
13.890139
13.92024
13.950449
13.980768
14.011195
14.041732
14.07238
14.103138
14.134008
14.16499
14.196084
14.227292
14.258613
14.290049
14.321599
14.353264
14.385046
14.416944
14.448959
14.481092
14.513343
14.545713
14.578202
14.610812
14.643542
14.676393
14.709366
14.742462
14.775681
14.809023
14.84249
14.876082
14.9098
14.943644
14.977614
15.011713
15.045939
15.080295
15.11478
15.149395
15.184141
15.219018
15.254028
15.28917
15.324447
15.359857
15.395402
15.431083
15.466901
15.502855
15.538948
15.575179
15.611549
15.648059
15.68471
15.721502
15.758436
15.795514
15.832735
15.8701
15.907611
15.945267
15.983071
16.021022
16.059121
16.09737
16.135768
16.174317
16.213017
16.25187
16.290876
16.330036
16.369351
16.408821
16.448448
16.488232
16.528174
16.568275
16.608537
16.648959
16.689542
16.730288
16.771198
16.812271
16.85351
16.894915
16.936487
16.978227
17.020136
17.062214
17.104464
17.146885
17.189478
17.232245
17.275187
17.318304
17.361598
17.405069
17.448718
17.492547
17.536557
17.580748
17.625122
17.669679
17.71442
17.759348
17.804462
17.849763
17.895254
17.940934
17.986805
18.032869
18.079125
18.125576
18.172222
18.219064
18.266105
18.313344
18.360782
18.408422
18.456264
18.50431
18.55256
18.601016
18.649678
18.698549
18.74763
18.796921
18.846423
18.896139
18.94607
18.996215
19.046578
19.097159
19.147959
19.19898
19.250224
19.30169
19.353381
19.405299
19.457444
19.509817
19.562421
19.615256
19.668324
19.721627
19.775165
19.82894
19.882954
19.937208
19.991704
20.046443
20.101426
20.156655
20.212131
20.267857
20.323833
20.380061
20.436542
20.493279
20.550273
20.607525
20.665037
20.722811
20.780847
20.839149
20.897717
20.956553
21.01566
21.075037
21.134688
21.194614
21.254817
21.315298
21.376059
21.437102
21.49843
21.560042
21.621943
21.684132
21.746613
21.809386
21.872455
21.93582
21.999484
22.063449
22.127716
22.192288
22.257166
22.322353
22.38785
22.45366
22.519784
22.586225
22.652985
22.720066
22.787469
22.855198
22.923254
22.991639
23.060356
23.129407
23.198794
23.268519
23.338585
23.408993
23.479747
23.550848
23.622299
23.694102
23.766259
23.838774
23.911648
23.984884
24.058484
24.132451
24.206787
24.281495
24.356577
24.432036
24.507875
24.584096
24.660702
24.737696
24.81508
24.892856
24.971029
25.049599
25.128571
25.207947
25.28773
25.367923
25.448528
25.529549
25.610989
25.69285
25.775135
25.857848
25.940992
26.02457
26.108584
26.193038
26.277935
26.363279
26.449072
26.535318
26.62202
26.709182
26.796806
26.884896
26.973456
27.06249
27.151999
27.241989
27.332462
27.423423
27.514874
27.60682
27.699263
27.792209
27.88566
27.979621
28.074095
28.169086
28.264598
28.360635
28.457201
28.5543
28.651936
28.750113
28.848835
28.948106
29.047932
29.148315
29.24926
29.350772
29.452855
29.555514
29.658752
29.762575
29.866987
29.971992
30.077595
30.183802
30.290616
30.398043
30.506087
30.614754
30.724047
30.833973
30.944537
31.055743
31.167596
31.280102
31.393266
31.507094
31.621591
31.736762
31.852612
31.969148
32.086375
32.204298
32.322924
32.442257
32.562305
32.683073
32.804566
32.926792
33.049755
33.173463
33.297921
33.423135
33.549113
33.675861
33.803384
33.931691
34.060786
34.190678
34.321373
34.452877
34.585198
34.718343
34.852319
34.987133
35.122792
35.259304
35.396677
35.534917
35.674032
35.81403
35.95492
36.096708
36.239402
36.383011
36.527543
36.673007
36.819409
36.96676
37.115067
37.264339
37.414585
37.565814
37.718034
37.871254
38.025485
38.180734
38.337012
38.494328
38.652692
38.812112
38.9726
39.134164
39.296816
39.460565
39.625422
39.791396
39.958499
40.126742
40.296134
40.466688
40.638413
40.811322
40.985426
41.160737
41.337265
41.515023
41.694023
41.874276
42.055796
42.238594
42.422683
42.608077
42.794786
42.982826
43.172209
43.362948
43.555058
43.748551
43.943442
44.139744
44.337473
44.536643
44.737268
44.939363
45.142943
45.348024
45.554621
45.76275
45.972427
46.183667
46.396488
46.610905
46.826936
47.044597
47.263906
47.48488
47.707537
47.931895
48.157972
48.385787
48.615358
48.846705
49.079846
49.314802
49.551591
49.790235
50.030753
50.273167
50.517496
50.763763
51.01199
51.262197
51.514407
51.768643
52.024928
52.283285
52.543737
52.806308
53.071023
53.337907
53.606983
53.878279
54.151818
54.427628
54.705736
54.986167
55.26895
55.554112
55.841682
56.131688
56.424159
56.719125
57.016616
57.316662
57.619294
57.924545
58.232445
58.543027
58.856325
