   5.8856325e+01
   5.8543027e+01
   5.8232445e+01
   5.7924545e+01
   5.7619294e+01
   5.7316662e+01
   5.7016616e+01
   5.6719125e+01
   5.6424159e+01
   5.6131688e+01
   5.5841682e+01
   5.5554112e+01
   5.5268950e+01
   5.4986167e+01
   5.4705736e+01
   5.4427628e+01
   5.4151818e+01
   5.3878279e+01
   5.3606983e+01
   5.3337907e+01
   5.3071023e+01
   5.2806308e+01
   5.2543737e+01
   5.2283285e+01
   5.2024928e+01
   5.1768643e+01
   5.1514407e+01
   5.1262197e+01
   5.1011990e+01
   5.0763763e+01
   5.0517496e+01
   5.0273167e+01
   5.0030753e+01
   4.9790235e+01
   4.9551591e+01
   4.9314802e+01
   4.9079846e+01
   4.8846705e+01
   4.8615358e+01
   4.8385787e+01
   4.8157972e+01
   4.7931895e+01
   4.7707537e+01
   4.7484880e+01
   4.7263906e+01
   4.7044597e+01
   4.6826936e+01
   4.6610905e+01
   4.6396488e+01
   4.6183667e+01
   4.5972427e+01
   4.5762750e+01
   4.5554621e+01
   4.5348024e+01
   4.5142943e+01
   4.4939363e+01
   4.4737268e+01
   4.4536643e+01
   4.4337473e+01
   4.4139744e+01
   4.3943442e+01
   4.3748551e+01
   4.3555058e+01
   4.3362948e+01
   4.3172209e+01
   4.2982826e+01
   4.2794786e+01
   4.2608077e+01
   4.2422683e+01
   4.2238594e+01
   4.2055796e+01
   4.1874276e+01
   4.1694023e+01
   4.1515023e+01
   4.1337265e+01
   4.1160737e+01
   4.0985426e+01
   4.0811322e+01
   4.0638413e+01
   4.0466688e+01
   4.0296134e+01
   4.0126742e+01
   3.9958499e+01
   3.9791396e+01
   3.9625422e+01
   3.9460565e+01
   3.9296816e+01
   3.9134164e+01
   3.8972600e+01
   3.8812112e+01
   3.8652692e+01
   3.8494328e+01
   3.8337012e+01
   3.8180734e+01
   3.8025485e+01
   3.7871254e+01
   3.7718034e+01
   3.7565814e+01
   3.7414585e+01
   3.7264339e+01
   3.7115067e+01
   3.6966760e+01
   3.6819409e+01
   3.6673007e+01
   3.6527543e+01
   3.6383011e+01
   3.6239402e+01
   3.6096708e+01
   3.5954920e+01
   3.5814030e+01
   3.5674032e+01
   3.5534917e+01
   3.5396677e+01
   3.5259304e+01
   3.5122792e+01
   3.4987133e+01
   3.4852319e+01
   3.4718343e+01
   3.4585198e+01
   3.4452877e+01
   3.4321373e+01
   3.4190678e+01
   3.4060786e+01
   3.3931691e+01
   3.3803384e+01
   3.3675861e+01
   3.3549113e+01
   3.3423135e+01
   3.3297921e+01
   3.3173463e+01
   3.3049755e+01
   3.2926792e+01
   3.2804566e+01
   3.2683073e+01
   3.2562305e+01
   3.2442257e+01
   3.2322924e+01
   3.2204298e+01
   3.2086375e+01
   3.1969148e+01
   3.1852612e+01
   3.1736762e+01
   3.1621591e+01
   3.1507094e+01
   3.1393266e+01
   3.1280102e+01
   3.1167596e+01
   3.1055743e+01
   3.0944537e+01
   3.0833973e+01
   3.0724047e+01
   3.0614754e+01
   3.0506087e+01
   3.0398043e+01
   3.0290616e+01
   3.0183802e+01
   3.0077595e+01
   2.9971992e+01
   2.9866987e+01
   2.9762575e+01
   2.9658752e+01
   2.9555514e+01
   2.9452855e+01
   2.9350772e+01
   2.9249260e+01
   2.9148315e+01
   2.9047932e+01
   2.8948106e+01
   2.8848835e+01
   2.8750113e+01
   2.8651936e+01
   2.8554300e+01
   2.8457201e+01
   2.8360635e+01
   2.8264598e+01
   2.8169086e+01
   2.8074095e+01
   2.7979621e+01
   2.7885660e+01
   2.7792209e+01
   2.7699263e+01
   2.7606820e+01
   2.7514874e+01
   2.7423423e+01
   2.7332462e+01
   2.7241989e+01
   2.7151999e+01
   2.7062490e+01
   2.6973456e+01
   2.6884896e+01
   2.6796806e+01
   2.6709182e+01
   2.6622020e+01
   2.6535318e+01
   2.6449072e+01
   2.6363279e+01
   2.6277935e+01
   2.6193038e+01
   2.6108584e+01
   2.6024570e+01
   2.5940992e+01
   2.5857848e+01
   2.5775135e+01
   2.5692850e+01
   2.5610989e+01
   2.5529549e+01
   2.5448528e+01
   2.5367923e+01
   2.5287730e+01
   2.5207947e+01
   2.5128571e+01
   2.5049599e+01
   2.4971029e+01
   2.4892856e+01
   2.4815080e+01
   2.4737696e+01
   2.4660702e+01
   2.4584096e+01
   2.4507875e+01
   2.4432036e+01
   2.4356577e+01
   2.4281495e+01
   2.4206787e+01
   2.4132451e+01
   2.4058484e+01
   2.3984884e+01
   2.3911648e+01
   2.3838774e+01
   2.3766259e+01
   2.3694102e+01
   2.3622299e+01
   2.3550848e+01
   2.3479747e+01
   2.3408993e+01
   2.3338585e+01
   2.3268519e+01
   2.3198794e+01
   2.3129407e+01
   2.3060356e+01
   2.2991639e+01
   2.2923254e+01
   2.2855198e+01
   2.2787469e+01
   2.2720066e+01
   2.2652985e+01
   2.2586225e+01
   2.2519784e+01
   2.2453660e+01
   2.2387850e+01
   2.2322353e+01
   2.2257166e+01
   2.2192288e+01
   2.2127716e+01
   2.2063449e+01
   2.1999484e+01
   2.1935820e+01
   2.1872455e+01
   2.1809386e+01
   2.1746613e+01
   2.1684132e+01
   2.1621943e+01
   2.1560042e+01
   2.1498430e+01
   2.1437102e+01
   2.1376059e+01
   2.1315298e+01
   2.1254817e+01
   2.1194614e+01
   2.1134688e+01
   2.1075037e+01
   2.1015660e+01
   2.0956553e+01
   2.0897717e+01
   2.0839149e+01
   2.0780847e+01
   2.0722811e+01
   2.0665037e+01
   2.0607525e+01
   2.0550273e+01
   2.0493279e+01
   2.0436542e+01
   2.0380061e+01
   2.0323833e+01
   2.0267857e+01
   2.0212131e+01
   2.0156655e+01
   2.0101426e+01
   2.0046443e+01
   1.9991704e+01
   1.9937208e+01
   1.9882954e+01
   1.9828940e+01
   1.9775165e+01
   1.9721627e+01
   1.9668324e+01
   1.9615256e+01
   1.9562421e+01
   1.9509817e+01
   1.9457444e+01
   1.9405299e+01
   1.9353381e+01
   1.9301690e+01
   1.9250224e+01
   1.9198980e+01
   1.9147959e+01
   1.9097159e+01
   1.9046578e+01
   1.8996215e+01
   1.8946070e+01
   1.8896139e+01
   1.8846423e+01
   1.8796921e+01
   1.8747630e+01
   1.8698549e+01
   1.8649678e+01
   1.8601016e+01
   1.8552560e+01
   1.8504310e+01
   1.8456264e+01
   1.8408422e+01
   1.8360782e+01
   1.8313344e+01
   1.8266105e+01
   1.8219064e+01
   1.8172222e+01
   1.8125576e+01
   1.8079125e+01
   1.8032869e+01
   1.7986805e+01
   1.7940934e+01
   1.7895254e+01
   1.7849763e+01
   1.7804462e+01
   1.7759348e+01
   1.7714420e+01
   1.7669679e+01
   1.7625122e+01
   1.7580748e+01
   1.7536557e+01
   1.7492547e+01
   1.7448718e+01
   1.7405069e+01
   1.7361598e+01
   1.7318304e+01
   1.7275187e+01
   1.7232245e+01
   1.7189478e+01
   1.7146885e+01
   1.7104464e+01
   1.7062214e+01
   1.7020136e+01
   1.6978227e+01
   1.6936487e+01
   1.6894915e+01
   1.6853510e+01
   1.6812271e+01
   1.6771198e+01
   1.6730288e+01
   1.6689542e+01
   1.6648959e+01
   1.6608537e+01
   1.6568275e+01
   1.6528174e+01
   1.6488232e+01
   1.6448448e+01
   1.6408821e+01
   1.6369351e+01
   1.6330036e+01
   1.6290876e+01
   1.6251870e+01
   1.6213017e+01
   1.6174317e+01
   1.6135768e+01
   1.6097370e+01
   1.6059121e+01
   1.6021022e+01
   1.5983071e+01
   1.5945267e+01
   1.5907611e+01
   1.5870100e+01
   1.5832735e+01
   1.5795514e+01
   1.5758436e+01
   1.5721502e+01
   1.5684710e+01
   1.5648059e+01
   1.5611549e+01
   1.5575179e+01
   1.5538948e+01
   1.5502855e+01
   1.5466901e+01
   1.5431083e+01
   1.5395402e+01
   1.5359857e+01
   1.5324447e+01
   1.5289170e+01
   1.5254028e+01
   1.5219018e+01
   1.5184141e+01
   1.5149395e+01
   1.5114780e+01
   1.5080295e+01
   1.5045939e+01
   1.5011713e+01
   1.4977614e+01
   1.4943644e+01
   1.4909800e+01
   1.4876082e+01
   1.4842490e+01
   1.4809023e+01
   1.4775681e+01
   1.4742462e+01
   1.4709366e+01
   1.4676393e+01
   1.4643542e+01
   1.4610812e+01
   1.4578202e+01
   1.4545713e+01
   1.4513343e+01
   1.4481092e+01
   1.4448959e+01
   1.4416944e+01
   1.4385046e+01
   1.4353264e+01
   1.4321599e+01
   1.4290049e+01
   1.4258613e+01
   1.4227292e+01
   1.4196084e+01
   1.4164990e+01
   1.4134008e+01
   1.4103138e+01
   1.4072380e+01
   1.4041732e+01
   1.4011195e+01
   1.3980768e+01
   1.3950449e+01
   1.3920240e+01
   1.3890139e+01
   1.3860146e+01
   1.3830259e+01
   1.3800480e+01
   1.3770806e+01
   1.3741238e+01
   1.3711776e+01
   1.3682418e+01
   1.3653164e+01
   1.3624013e+01
   1.3594966e+01
   1.3566021e+01
   1.3537179e+01
   1.3508438e+01
   1.3479798e+01
   1.3451259e+01
   1.3422820e+01
   1.3394481e+01
   1.3366241e+01
   1.3338099e+01
   1.3310056e+01
   1.3282111e+01
   1.3254264e+01
   1.3226513e+01
   1.3198858e+01
   1.3171300e+01
   1.3143837e+01
   1.3116469e+01
   1.3089196e+01
   1.3062017e+01
   1.3034932e+01
   1.3007941e+01
   1.2981042e+01
   1.2954235e+01
   1.2927521e+01
   1.2900898e+01
   1.2874366e+01
   1.2847925e+01
   1.2821575e+01
   1.2795314e+01
   1.2769143e+01
   1.2743061e+01
   1.2717068e+01
   1.2691163e+01
   1.2665345e+01
   1.2639616e+01
   1.2613973e+01
   1.2588417e+01
   1.2562947e+01
   1.2537563e+01
   1.2512264e+01
   1.2487051e+01
   1.2461922e+01
   1.2436878e+01
   1.2411917e+01
   1.2387041e+01
   1.2362247e+01
   1.2337536e+01
   1.2312907e+01
   1.2288361e+01
   1.2263896e+01
   1.2239512e+01
   1.2215210e+01
   1.2190988e+01
   1.2166846e+01
   1.2142784e+01
   1.2118802e+01
   1.2094898e+01
   1.2071074e+01
   1.2047328e+01
   1.2023660e+01
   1.2000070e+01
   1.1976557e+01
   1.1953121e+01
   1.1929762e+01
   1.1906479e+01
   1.1883273e+01
   1.1860142e+01
   1.1837086e+01
   1.1814105e+01
   1.1791199e+01
   1.1768368e+01
   1.1745610e+01
   1.1722927e+01
   1.1700316e+01
   1.1677779e+01
   1.1655315e+01
   1.1632922e+01
   1.1610602e+01
   1.1588354e+01
   1.1566178e+01
   1.1544072e+01
   1.1522037e+01
   1.1500073e+01
   1.1478180e+01
   1.1456356e+01
   1.1434602e+01
   1.1412917e+01
   1.1391301e+01
   1.1369754e+01
   1.1348275e+01
   1.1326865e+01
   1.1305522e+01
   1.1284248e+01
   1.1263040e+01
   1.1241899e+01
   1.1220825e+01
   1.1199818e+01
   1.1178877e+01
   1.1158001e+01
   1.1137191e+01
   1.1116447e+01
   1.1095767e+01
   1.1075152e+01
   1.1054602e+01
   1.1034116e+01
   1.1013694e+01
   1.0993335e+01
   1.0973040e+01
   1.0952808e+01
   1.0932639e+01
   1.0912533e+01
   1.0892489e+01
   1.0872507e+01
   1.0852586e+01
   1.0832728e+01
   1.0812930e+01
   1.0793194e+01
   1.0773519e+01
   1.0753904e+01
   1.0734349e+01
   1.0714854e+01
   1.0695419e+01
   1.0676044e+01
   1.0656728e+01
   1.0637471e+01
   1.0618273e+01
   1.0599133e+01
   1.0580052e+01
   1.0561029e+01
   1.0542063e+01
   1.0523156e+01
   1.0504305e+01
   1.0485512e+01
   1.0466776e+01
   1.0448096e+01
   1.0429473e+01
   1.0410906e+01
   1.0392395e+01
   1.0373939e+01
   1.0355539e+01
   1.0337195e+01
   1.0318905e+01
   1.0300671e+01
   1.0282491e+01
   1.0264365e+01
   1.0246294e+01
   1.0228276e+01
   1.0210313e+01
   1.0192402e+01
   1.0174546e+01
   1.0156742e+01
   1.0138991e+01
   1.0121293e+01
   1.0103647e+01
   1.0086053e+01
   1.0068512e+01
   1.0051022e+01
   1.0033584e+01
   1.0016198e+01
   9.9988624e+00
   9.9815780e+00
   9.9643445e+00
   9.9471616e+00
   9.9300291e+00
   9.9129467e+00
   9.8959144e+00
   9.8789319e+00
   9.8619990e+00
   9.8451156e+00
   9.8282813e+00
   9.8114961e+00
   9.7947598e+00
   9.7780720e+00
   9.7614327e+00
   9.7448417e+00
   9.7282988e+00
   9.7118037e+00
   9.6953564e+00
   9.6789565e+00
   9.6626040e+00
   9.6462986e+00
   9.6300402e+00
   9.6138286e+00
   9.5976635e+00
   9.5815449e+00
   9.5654725e+00
   9.5494462e+00
   9.5334657e+00
   9.5175309e+00
   9.5016417e+00
   9.4857978e+00
