1.109500000000000000e+04
1.111400000000000000e+04
1.110900000000000000e+04
1.116700000000000000e+04
1.123100000000000000e+04
1.126300000000000000e+04
1.121700000000000000e+04
1.122700000000000000e+04
1.129100000000000000e+04
1.133500000000000000e+04
1.135400000000000000e+04
1.139200000000000000e+04
1.131100000000000000e+04
1.121400000000000000e+04
1.132500000000000000e+04
1.133400000000000000e+04
1.138100000000000000e+04
1.150900000000000000e+04
1.159700000000000000e+04
1.159100000000000000e+04
1.168700000000000000e+04
1.164600000000000000e+04
1.155100000000000000e+04
1.138800000000000000e+04
1.149700000000000000e+04
1.168800000000000000e+04
1.222200000000000000e+04
1.278600000000000000e+04
1.367700000000000000e+04
1.424900000000000000e+04
1.490500000000000000e+04
1.600400000000000000e+04
1.634500000000000000e+04
1.783700000000000000e+04
1.909700000000000000e+04
2.073100000000000000e+04
2.246800000000000000e+04
2.389400000000000000e+04
2.513100000000000000e+04
2.598700000000000000e+04
2.699100000000000000e+04
2.739900000000000000e+04
2.873100000000000000e+04
2.970900000000000000e+04
3.078100000000000000e+04
3.217800000000000000e+04
3.501100000000000000e+04
3.974000000000000000e+04
4.606800000000000000e+04
5.434300000000000000e+04
6.520200000000000000e+04
7.779000000000000000e+04
9.158800000000000000e+04
1.070700000000000000e+05
1.235750000000000000e+05
1.421860000000000000e+05
1.628870000000000000e+05
1.845090000000000000e+05
2.055120000000000000e+05
2.245380000000000000e+05
2.377150000000000000e+05
2.437940000000000000e+05
2.418180000000000000e+05
2.305180000000000000e+05
2.126360000000000000e+05
1.901800000000000000e+05
1.647230000000000000e+05
1.390610000000000000e+05
1.147600000000000000e+05
9.270200000000000000e+04
7.473600000000000000e+04
6.045400000000000000e+04
4.977100000000000000e+04
4.237700000000000000e+04
3.718800000000000000e+04
3.387900000000000000e+04
3.169500000000000000e+04
3.045600000000000000e+04
2.969800000000000000e+04
2.899900000000000000e+04
2.858800000000000000e+04
2.814500000000000000e+04
2.768900000000000000e+04
2.733700000000000000e+04
2.725500000000000000e+04
2.742000000000000000e+04
2.732300000000000000e+04
2.747500000000000000e+04
2.772800000000000000e+04
2.800100000000000000e+04
2.843800000000000000e+04
2.848600000000000000e+04
2.878500000000000000e+04
2.910300000000000000e+04
2.951500000000000000e+04
3.017100000000000000e+04
2.980200000000000000e+04
3.015500000000000000e+04
3.060500000000000000e+04
3.056000000000000000e+04
3.049900000000000000e+04
2.981700000000000000e+04
3.015500000000000000e+04
2.993000000000000000e+04
3.013100000000000000e+04
3.073000000000000000e+04
3.098800000000000000e+04
3.142700000000000000e+04
3.197100000000000000e+04
3.241400000000000000e+04
3.301300000000000000e+04
3.349300000000000000e+04
3.483600000000000000e+04
3.582500000000000000e+04
3.709700000000000000e+04
3.914900000000000000e+04
4.124500000000000000e+04
4.462800000000000000e+04
4.942800000000000000e+04
5.550000000000000000e+04
6.363200000000000000e+04
7.590900000000000000e+04
9.211600000000000000e+04
1.141540000000000000e+05
1.423100000000000000e+05
1.766570000000000000e+05
2.176670000000000000e+05
2.636150000000000000e+05
3.138420000000000000e+05
3.652080000000000000e+05
4.143580000000000000e+05
4.570490000000000000e+05
4.892930000000000000e+05
5.071140000000000000e+05
5.106580000000000000e+05
4.987170000000000000e+05
4.715300000000000000e+05
4.331790000000000000e+05
3.844560000000000000e+05
3.291190000000000000e+05
2.688080000000000000e+05
2.121730000000000000e+05
1.627290000000000000e+05
1.230750000000000000e+05
9.422100000000000000e+04
7.551700000000000000e+04
6.293300000000000000e+04
5.540100000000000000e+04
5.062600000000000000e+04
4.767100000000000000e+04
4.493800000000000000e+04
4.306900000000000000e+04
4.167000000000000000e+04
4.043500000000000000e+04
3.915500000000000000e+04
3.818300000000000000e+04
3.734900000000000000e+04
3.669300000000000000e+04
3.620700000000000000e+04
3.652400000000000000e+04
3.626100000000000000e+04
3.625800000000000000e+04
3.608800000000000000e+04
3.581200000000000000e+04
3.569700000000000000e+04
3.566200000000000000e+04
3.585200000000000000e+04
3.588400000000000000e+04
3.586100000000000000e+04
3.590000000000000000e+04
3.592300000000000000e+04
3.632400000000000000e+04
3.668200000000000000e+04
3.679400000000000000e+04
3.741200000000000000e+04
3.767100000000000000e+04
3.866400000000000000e+04
4.014900000000000000e+04
4.176700000000000000e+04
4.314800000000000000e+04
4.673000000000000000e+04
5.084500000000000000e+04
5.730900000000000000e+04
6.679500000000000000e+04
8.091500000000000000e+04
1.013550000000000000e+05
1.287530000000000000e+05
1.647130000000000000e+05
2.085920000000000000e+05
2.583430000000000000e+05
3.117650000000000000e+05
3.634580000000000000e+05
4.072830000000000000e+05
4.390480000000000000e+05
4.538140000000000000e+05
4.498300000000000000e+05
4.281890000000000000e+05
3.892750000000000000e+05
3.379460000000000000e+05
2.783390000000000000e+05
2.181820000000000000e+05
1.640910000000000000e+05
1.211770000000000000e+05
9.098500000000000000e+04
7.180200000000000000e+04
6.055400000000000000e+04
5.386200000000000000e+04
5.012200000000000000e+04
4.701000000000000000e+04
4.507100000000000000e+04
4.332200000000000000e+04
4.170200000000000000e+04
4.060200000000000000e+04
3.990500000000000000e+04
3.939900000000000000e+04
3.840300000000000000e+04
3.737600000000000000e+04
3.715900000000000000e+04
3.681600000000000000e+04
3.649600000000000000e+04
3.632200000000000000e+04
3.651800000000000000e+04
3.685700000000000000e+04
3.761500000000000000e+04
3.782800000000000000e+04
3.862100000000000000e+04
3.924600000000000000e+04
3.907400000000000000e+04
3.910600000000000000e+04
3.889500000000000000e+04
3.935700000000000000e+04
4.021300000000000000e+04
4.187400000000000000e+04
4.491800000000000000e+04
4.904100000000000000e+04
5.650200000000000000e+04
6.663400000000000000e+04
8.208900000000000000e+04
1.042790000000000000e+05
1.334060000000000000e+05
1.698150000000000000e+05
2.104070000000000000e+05
2.513510000000000000e+05
2.869880000000000000e+05
3.115660000000000000e+05
3.183090000000000000e+05
3.071520000000000000e+05
2.784320000000000000e+05
2.369400000000000000e+05
1.897990000000000000e+05
1.449550000000000000e+05
1.079700000000000000e+05
8.191600000000000000e+04
6.513300000000000000e+04
5.470300000000000000e+04
4.934900000000000000e+04
4.583500000000000000e+04
4.407600000000000000e+04
4.293200000000000000e+04
4.207000000000000000e+04
4.117400000000000000e+04
4.074600000000000000e+04
4.038600000000000000e+04
4.041700000000000000e+04
4.023900000000000000e+04
3.985000000000000000e+04
3.938700000000000000e+04
3.915600000000000000e+04
3.864700000000000000e+04
3.792900000000000000e+04
3.827300000000000000e+04
3.812200000000000000e+04
3.814200000000000000e+04
3.827600000000000000e+04
3.910700000000000000e+04
4.028700000000000000e+04
4.175900000000000000e+04
4.354300000000000000e+04
4.615800000000000000e+04
5.017400000000000000e+04
5.715300000000000000e+04
6.761800000000000000e+04
8.394000000000000000e+04
1.059780000000000000e+05
1.326210000000000000e+05
1.608130000000000000e+05
1.869790000000000000e+05
2.038430000000000000e+05
2.072020000000000000e+05
1.962280000000000000e+05
1.729810000000000000e+05
1.427050000000000000e+05
1.122730000000000000e+05
8.686600000000000000e+04
6.858200000000000000e+04
5.719900000000000000e+04
5.025800000000000000e+04
4.673300000000000000e+04
4.443800000000000000e+04
4.317000000000000000e+04
4.258500000000000000e+04
4.238500000000000000e+04
4.271400000000000000e+04
4.289300000000000000e+04
4.253000000000000000e+04
4.236100000000000000e+04
4.181900000000000000e+04
4.144100000000000000e+04
4.131300000000000000e+04
4.133600000000000000e+04
4.114100000000000000e+04
4.114200000000000000e+04
4.065200000000000000e+04
4.047700000000000000e+04
4.017600000000000000e+04
4.062600000000000000e+04
4.144900000000000000e+04
4.373600000000000000e+04
4.784300000000000000e+04
5.453900000000000000e+04
6.405300000000000000e+04
7.689500000000000000e+04
9.107700000000000000e+04
1.045880000000000000e+05
1.131670000000000000e+05
1.149380000000000000e+05
1.080440000000000000e+05
9.533700000000000000e+04
7.995200000000000000e+04
6.569900000000000000e+04
5.434700000000000000e+04
4.687100000000000000e+04
4.267000000000000000e+04
4.046600000000000000e+04
3.933700000000000000e+04
3.880500000000000000e+04
3.896900000000000000e+04
3.917600000000000000e+04
3.956000000000000000e+04
4.039200000000000000e+04
4.126400000000000000e+04
4.137300000000000000e+04
4.105000000000000000e+04
4.057600000000000000e+04
4.032400000000000000e+04
4.030700000000000000e+04
4.022800000000000000e+04
4.085800000000000000e+04
4.152300000000000000e+04
4.300600000000000000e+04
4.471800000000000000e+04
4.770100000000000000e+04
5.159600000000000000e+04
5.677600000000000000e+04
6.302800000000000000e+04
6.982900000000000000e+04
7.535200000000000000e+04
7.785700000000000000e+04
7.583000000000000000e+04
7.031400000000000000e+04
6.360400000000000000e+04
5.700400000000000000e+04
5.170500000000000000e+04
4.810500000000000000e+04
4.545000000000000000e+04
4.427900000000000000e+04
4.379700000000000000e+04
4.404000000000000000e+04
4.458100000000000000e+04
4.421200000000000000e+04
4.389700000000000000e+04
4.343100000000000000e+04
4.327300000000000000e+04
4.335700000000000000e+04
4.347100000000000000e+04
4.337600000000000000e+04
4.341800000000000000e+04
4.350600000000000000e+04
4.415700000000000000e+04
4.497700000000000000e+04
4.730300000000000000e+04
4.989500000000000000e+04
5.284300000000000000e+04
5.585300000000000000e+04
5.802900000000000000e+04
5.898400000000000000e+04
5.795800000000000000e+04
5.552200000000000000e+04
5.211100000000000000e+04
4.935900000000000000e+04
4.676000000000000000e+04
4.532400000000000000e+04
4.449200000000000000e+04
4.456200000000000000e+04
4.500900000000000000e+04
4.627900000000000000e+04
4.747700000000000000e+04
4.856200000000000000e+04
4.906800000000000000e+04
4.844200000000000000e+04
4.770000000000000000e+04
4.714000000000000000e+04
4.678800000000000000e+04
4.673900000000000000e+04
4.686800000000000000e+04
4.751400000000000000e+04
4.941400000000000000e+04
5.211000000000000000e+04
5.464200000000000000e+04
5.595100000000000000e+04
5.637700000000000000e+04
5.569600000000000000e+04
5.430200000000000000e+04
5.258300000000000000e+04
5.136500000000000000e+04
5.115800000000000000e+04
5.069000000000000000e+04
5.072500000000000000e+04
5.112900000000000000e+04
5.213800000000000000e+04
5.354400000000000000e+04
5.404600000000000000e+04
5.355700000000000000e+04
5.256200000000000000e+04
5.169200000000000000e+04
5.091900000000000000e+04
5.037300000000000000e+04
5.055800000000000000e+04
5.085700000000000000e+04
5.160600000000000000e+04
5.190600000000000000e+04
5.247200000000000000e+04
5.289600000000000000e+04
5.335600000000000000e+04
5.310500000000000000e+04
5.262500000000000000e+04
5.214000000000000000e+04
5.161600000000000000e+04
5.118900000000000000e+04
5.076400000000000000e+04
5.061500000000000000e+04
5.018700000000000000e+04
4.991700000000000000e+04
5.026600000000000000e+04
5.031800000000000000e+04
5.067800000000000000e+04
5.064200000000000000e+04
5.086400000000000000e+04
5.091400000000000000e+04
5.139100000000000000e+04
5.187300000000000000e+04
5.197500000000000000e+04
5.245400000000000000e+04
5.288500000000000000e+04
5.270800000000000000e+04
5.259900000000000000e+04
5.234600000000000000e+04
5.189600000000000000e+04
5.148700000000000000e+04
5.122100000000000000e+04
5.126200000000000000e+04
5.106500000000000000e+04
5.091200000000000000e+04
5.050600000000000000e+04
5.004700000000000000e+04
4.992100000000000000e+04
4.962800000000000000e+04
4.966000000000000000e+04
4.960900000000000000e+04
4.941200000000000000e+04
4.956200000000000000e+04
4.961900000000000000e+04
4.916800000000000000e+04
4.911000000000000000e+04
4.897700000000000000e+04
4.897300000000000000e+04
4.863400000000000000e+04
4.838700000000000000e+04
4.836500000000000000e+04
4.885800000000000000e+04
4.850800000000000000e+04
4.862700000000000000e+04
4.882700000000000000e+04
4.895300000000000000e+04
4.884000000000000000e+04
4.862700000000000000e+04
4.807700000000000000e+04
4.790900000000000000e+04
4.764100000000000000e+04
4.717200000000000000e+04
4.704500000000000000e+04
4.714600000000000000e+04
4.700800000000000000e+04
4.730600000000000000e+04
4.715200000000000000e+04
4.710400000000000000e+04
4.662600000000000000e+04
4.683300000000000000e+04
4.695100000000000000e+04
4.716300000000000000e+04
4.716600000000000000e+04
4.704200000000000000e+04
4.671600000000000000e+04
4.662300000000000000e+04
4.598100000000000000e+04
4.560700000000000000e+04
4.553600000000000000e+04
4.531200000000000000e+04
4.529500000000000000e+04
4.506800000000000000e+04
4.512300000000000000e+04
4.531500000000000000e+04
4.536500000000000000e+04
4.615500000000000000e+04
4.707700000000000000e+04
4.810400000000000000e+04
4.825700000000000000e+04
4.765900000000000000e+04
4.666200000000000000e+04
4.530800000000000000e+04
4.454600000000000000e+04
4.381400000000000000e+04
4.330300000000000000e+04
4.367800000000000000e+04
4.340800000000000000e+04
4.287200000000000000e+04
4.248400000000000000e+04
4.148300000000000000e+04
4.102400000000000000e+04
4.067900000000000000e+04
4.062800000000000000e+04
4.017700000000000000e+04
4.000600000000000000e+04
3.973200000000000000e+04
3.948700000000000000e+04
3.951300000000000000e+04
3.933600000000000000e+04
3.940900000000000000e+04
3.941200000000000000e+04
3.950400000000000000e+04
3.930800000000000000e+04
3.904300000000000000e+04
3.878700000000000000e+04
3.922300000000000000e+04
3.930900000000000000e+04
3.966200000000000000e+04
3.928000000000000000e+04
3.843300000000000000e+04
3.754300000000000000e+04
3.698400000000000000e+04
3.629400000000000000e+04
3.591500000000000000e+04
3.545400000000000000e+04
3.494400000000000000e+04
3.474900000000000000e+04
3.432600000000000000e+04
3.377800000000000000e+04
3.348900000000000000e+04
3.324000000000000000e+04
3.300800000000000000e+04
3.278500000000000000e+04
3.270700000000000000e+04
3.237300000000000000e+04
3.255800000000000000e+04
3.254600000000000000e+04
3.258500000000000000e+04
3.282000000000000000e+04
3.300600000000000000e+04
3.301200000000000000e+04
3.280100000000000000e+04
3.245400000000000000e+04
3.251200000000000000e+04
3.209000000000000000e+04
3.154800000000000000e+04
3.076000000000000000e+04
2.989800000000000000e+04
2.823800000000000000e+04
2.648900000000000000e+04
2.480800000000000000e+04
2.317800000000000000e+04
2.207500000000000000e+04
2.100200000000000000e+04
1.995400000000000000e+04
1.926800000000000000e+04
1.847500000000000000e+04
1.798100000000000000e+04
1.736500000000000000e+04
1.703400000000000000e+04
1.656500000000000000e+04
1.620700000000000000e+04
1.595000000000000000e+04
1.581100000000000000e+04
1.539300000000000000e+04
1.521300000000000000e+04
1.497100000000000000e+04
1.488000000000000000e+04
1.454800000000000000e+04
1.423200000000000000e+04
1.371600000000000000e+04
1.308300000000000000e+04
1.263100000000000000e+04
1.217000000000000000e+04
1.163200000000000000e+04
1.129100000000000000e+04
1.100300000000000000e+04
1.082600000000000000e+04
1.053300000000000000e+04
1.049800000000000000e+04
1.015000000000000000e+04
9.869000000000000000e+03
9.856000000000000000e+03
9.609000000000000000e+03
9.643000000000000000e+03
9.550000000000000000e+03
9.522000000000000000e+03
9.513000000000000000e+03
9.412000000000000000e+03
9.288000000000000000e+03
9.335000000000000000e+03
9.467000000000000000e+03
9.344000000000000000e+03
9.437000000000000000e+03
9.365000000000000000e+03
9.393000000000000000e+03
9.426000000000000000e+03
9.587000000000000000e+03
9.486000000000000000e+03
9.417000000000000000e+03
9.540000000000000000e+03
9.608000000000000000e+03
9.789000000000000000e+03
9.900000000000000000e+03
1.000000000000000000e+04
1.010600000000000000e+04
1.020000000000000000e+04
1.023800000000000000e+04
1.006100000000000000e+04
1.009200000000000000e+04
9.994000000000000000e+03
1.001500000000000000e+04
