1.594700000000000000e+04
1.614200000000000000e+04
1.602700000000000000e+04
1.613600000000000000e+04
1.619800000000000000e+04
1.613300000000000000e+04
1.606000000000000000e+04
1.616000000000000000e+04
1.608400000000000000e+04
1.589900000000000000e+04
1.622700000000000000e+04
1.616000000000000000e+04
1.614000000000000000e+04
1.622800000000000000e+04
1.619900000000000000e+04
1.611400000000000000e+04
1.638700000000000000e+04
1.640000000000000000e+04
1.649300000000000000e+04
1.643500000000000000e+04
1.647500000000000000e+04
1.657900000000000000e+04
1.653300000000000000e+04
1.667100000000000000e+04
1.654600000000000000e+04
1.662600000000000000e+04
1.648500000000000000e+04
1.680800000000000000e+04
1.677000000000000000e+04
1.686600000000000000e+04
1.699600000000000000e+04
1.704500000000000000e+04
1.705500000000000000e+04
1.700300000000000000e+04
1.688000000000000000e+04
1.682600000000000000e+04
1.737300000000000000e+04
1.749600000000000000e+04
1.759200000000000000e+04
1.763800000000000000e+04
1.770600000000000000e+04
1.785400000000000000e+04
1.778300000000000000e+04
1.771200000000000000e+04
1.763700000000000000e+04
1.771900000000000000e+04
1.775200000000000000e+04
1.776300000000000000e+04
1.802000000000000000e+04
1.833200000000000000e+04
1.867200000000000000e+04
1.987700000000000000e+04
2.155800000000000000e+04
2.459000000000000000e+04
2.928000000000000000e+04
3.674300000000000000e+04
4.634900000000000000e+04
5.476300000000000000e+04
6.234100000000000000e+04
6.973300000000000000e+04
7.705200000000000000e+04
8.551600000000000000e+04
9.447400000000000000e+04
1.041460000000000000e+05
1.152530000000000000e+05
1.277900000000000000e+05
1.402840000000000000e+05
1.570770000000000000e+05
1.785490000000000000e+05
1.998620000000000000e+05
2.169320000000000000e+05
2.320610000000000000e+05
2.490420000000000000e+05
2.755420000000000000e+05
3.172790000000000000e+05
3.742780000000000000e+05
4.371340000000000000e+05
4.914050000000000000e+05
5.260780000000000000e+05
5.319150000000000000e+05
5.095810000000000000e+05
4.702340000000000000e+05
4.156120000000000000e+05
3.593410000000000000e+05
3.019980000000000000e+05
2.526180000000000000e+05
2.195610000000000000e+05
1.955080000000000000e+05
1.811440000000000000e+05
1.744440000000000000e+05
1.676900000000000000e+05
1.640180000000000000e+05
1.626130000000000000e+05
1.613330000000000000e+05
1.651190000000000000e+05
1.696790000000000000e+05
1.749560000000000000e+05
1.801530000000000000e+05
1.814810000000000000e+05
1.863780000000000000e+05
1.955750000000000000e+05
2.053100000000000000e+05
2.149500000000000000e+05
2.178060000000000000e+05
2.174580000000000000e+05
2.220740000000000000e+05
2.263780000000000000e+05
2.322410000000000000e+05
2.342660000000000000e+05
2.319330000000000000e+05
2.284580000000000000e+05
2.234170000000000000e+05
2.200560000000000000e+05
2.184250000000000000e+05
2.169840000000000000e+05
2.167090000000000000e+05
2.182290000000000000e+05
2.205640000000000000e+05
2.258180000000000000e+05
2.325710000000000000e+05
2.411440000000000000e+05
2.488920000000000000e+05
2.569740000000000000e+05
2.638390000000000000e+05
2.718930000000000000e+05
2.776560000000000000e+05
2.854340000000000000e+05
2.959640000000000000e+05
3.141040000000000000e+05
3.346870000000000000e+05
3.613350000000000000e+05
3.906600000000000000e+05
4.304290000000000000e+05
4.772300000000000000e+05
5.342640000000000000e+05
5.910140000000000000e+05
6.432320000000000000e+05
6.877210000000000000e+05
7.191930000000000000e+05
7.374640000000000000e+05
7.387860000000000000e+05
7.307820000000000000e+05
7.088840000000000000e+05
6.786690000000000000e+05
6.381230000000000000e+05
5.979860000000000000e+05
5.493300000000000000e+05
5.091830000000000000e+05
4.667160000000000000e+05
4.401770000000000000e+05
4.125770000000000000e+05
3.909840000000000000e+05
3.640160000000000000e+05
3.356450000000000000e+05
3.103890000000000000e+05
2.888410000000000000e+05
2.782980000000000000e+05
2.719290000000000000e+05
2.749120000000000000e+05
2.784550000000000000e+05
2.882260000000000000e+05
2.876960000000000000e+05
2.899570000000000000e+05
2.898820000000000000e+05
3.031790000000000000e+05
3.125830000000000000e+05
3.161600000000000000e+05
3.086350000000000000e+05
3.049830000000000000e+05
3.041300000000000000e+05
3.056670000000000000e+05
3.021200000000000000e+05
2.951140000000000000e+05
2.875390000000000000e+05
2.795850000000000000e+05
2.741150000000000000e+05
2.679120000000000000e+05
2.656320000000000000e+05
2.600230000000000000e+05
2.598380000000000000e+05
2.626990000000000000e+05
2.721680000000000000e+05
2.784870000000000000e+05
2.839470000000000000e+05
2.932380000000000000e+05
3.055910000000000000e+05
3.231690000000000000e+05
3.455580000000000000e+05
3.776690000000000000e+05
4.189970000000000000e+05
4.655710000000000000e+05
5.190180000000000000e+05
5.724670000000000000e+05
6.276970000000000000e+05
6.803830000000000000e+05
7.251760000000000000e+05
7.650710000000000000e+05
7.913180000000000000e+05
8.127510000000000000e+05
8.222410000000000000e+05
8.214650000000000000e+05
8.108090000000000000e+05
7.861180000000000000e+05
7.564070000000000000e+05
7.172340000000000000e+05
6.736270000000000000e+05
6.250010000000000000e+05
5.650070000000000000e+05
5.043150000000000000e+05
4.432490000000000000e+05
4.139470000000000000e+05
3.983510000000000000e+05
3.943320000000000000e+05
3.796950000000000000e+05
3.580360000000000000e+05
3.407340000000000000e+05
3.305230000000000000e+05
3.352590000000000000e+05
3.319690000000000000e+05
3.252610000000000000e+05
3.126800000000000000e+05
3.076820000000000000e+05
3.037840000000000000e+05
2.967720000000000000e+05
2.888410000000000000e+05
2.733770000000000000e+05
2.622200000000000000e+05
2.554570000000000000e+05
2.466220000000000000e+05
2.372900000000000000e+05
2.383370000000000000e+05
2.529370000000000000e+05
2.646990000000000000e+05
2.754800000000000000e+05
2.845300000000000000e+05
2.988750000000000000e+05
3.213500000000000000e+05
3.517340000000000000e+05
3.874590000000000000e+05
4.288300000000000000e+05
4.751400000000000000e+05
5.201010000000000000e+05
5.565890000000000000e+05
5.895860000000000000e+05
6.135140000000000000e+05
6.217060000000000000e+05
6.122170000000000000e+05
5.885440000000000000e+05
5.435280000000000000e+05
4.792530000000000000e+05
4.209670000000000000e+05
3.786770000000000000e+05
3.428820000000000000e+05
3.045780000000000000e+05
2.647400000000000000e+05
2.418690000000000000e+05
2.494620000000000000e+05
2.697140000000000000e+05
2.754540000000000000e+05
2.736850000000000000e+05
2.734860000000000000e+05
2.764740000000000000e+05
2.770280000000000000e+05
2.665460000000000000e+05
2.512010000000000000e+05
2.439570000000000000e+05
2.448480000000000000e+05
2.387510000000000000e+05
2.252890000000000000e+05
2.210190000000000000e+05
2.224670000000000000e+05
2.203620000000000000e+05
2.283580000000000000e+05
2.463240000000000000e+05
2.666090000000000000e+05
2.840480000000000000e+05
2.960520000000000000e+05
3.134290000000000000e+05
3.455970000000000000e+05
3.850360000000000000e+05
4.336330000000000000e+05
4.875460000000000000e+05
5.341400000000000000e+05
5.615820000000000000e+05
5.747990000000000000e+05
5.811150000000000000e+05
5.810610000000000000e+05
5.817100000000000000e+05
5.746040000000000000e+05
5.428960000000000000e+05
4.897850000000000000e+05
4.380430000000000000e+05
4.016230000000000000e+05
3.805060000000000000e+05
3.675330000000000000e+05
3.499460000000000000e+05
3.262390000000000000e+05
2.992270000000000000e+05
2.783510000000000000e+05
2.670190000000000000e+05
2.490030000000000000e+05
2.280700000000000000e+05
2.194770000000000000e+05
2.206140000000000000e+05
2.148130000000000000e+05
2.070150000000000000e+05
2.058760000000000000e+05
2.080320000000000000e+05
2.126280000000000000e+05
2.246410000000000000e+05
2.450600000000000000e+05
2.651560000000000000e+05
2.792280000000000000e+05
3.051760000000000000e+05
3.540920000000000000e+05
4.126330000000000000e+05
4.688230000000000000e+05
5.094680000000000000e+05
5.293170000000000000e+05
5.268830000000000000e+05
5.094770000000000000e+05
4.767510000000000000e+05
4.349320000000000000e+05
3.867330000000000000e+05
3.398170000000000000e+05
2.956750000000000000e+05
2.650770000000000000e+05
2.539270000000000000e+05
2.467520000000000000e+05
2.267180000000000000e+05
2.038550000000000000e+05
1.965270000000000000e+05
1.913170000000000000e+05
1.796840000000000000e+05
1.761160000000000000e+05
1.786990000000000000e+05
1.777180000000000000e+05
1.724710000000000000e+05
1.717330000000000000e+05
1.780690000000000000e+05
1.841450000000000000e+05
2.011660000000000000e+05
2.248070000000000000e+05
2.466190000000000000e+05
2.804210000000000000e+05
3.356910000000000000e+05
3.908480000000000000e+05
4.244210000000000000e+05
4.428390000000000000e+05
4.441940000000000000e+05
4.247120000000000000e+05
3.856020000000000000e+05
3.321270000000000000e+05
2.813620000000000000e+05
2.428330000000000000e+05
2.174820000000000000e+05
2.069900000000000000e+05
1.977960000000000000e+05
1.806480000000000000e+05
1.683270000000000000e+05
1.639750000000000000e+05
1.593260000000000000e+05
1.572190000000000000e+05
1.586260000000000000e+05
1.588340000000000000e+05
1.552510000000000000e+05
1.576220000000000000e+05
1.646110000000000000e+05
1.777480000000000000e+05
2.004170000000000000e+05
2.273470000000000000e+05
2.627070000000000000e+05
3.162650000000000000e+05
3.769260000000000000e+05
4.193070000000000000e+05
4.350760000000000000e+05
4.263250000000000000e+05
3.925080000000000000e+05
3.372760000000000000e+05
2.796260000000000000e+05
2.371020000000000000e+05
2.141720000000000000e+05
1.954440000000000000e+05
1.776770000000000000e+05
1.680100000000000000e+05
1.615120000000000000e+05
1.553280000000000000e+05
1.504860000000000000e+05
1.493490000000000000e+05
1.471740000000000000e+05
1.467490000000000000e+05
1.517920000000000000e+05
1.619390000000000000e+05
1.803130000000000000e+05
2.131110000000000000e+05
2.455690000000000000e+05
2.767870000000000000e+05
3.135420000000000000e+05
3.358970000000000000e+05
3.311440000000000000e+05
2.980060000000000000e+05
2.470180000000000000e+05
1.981880000000000000e+05
1.681290000000000000e+05
1.538120000000000000e+05
1.454650000000000000e+05
1.392830000000000000e+05
1.361210000000000000e+05
1.340120000000000000e+05
1.317260000000000000e+05
1.308990000000000000e+05
1.297930000000000000e+05
1.313380000000000000e+05
1.376450000000000000e+05
1.468150000000000000e+05
1.599930000000000000e+05
1.786290000000000000e+05
2.043200000000000000e+05
2.331550000000000000e+05
2.489160000000000000e+05
2.408300000000000000e+05
2.108840000000000000e+05
1.761410000000000000e+05
1.509990000000000000e+05
1.375990000000000000e+05
1.302010000000000000e+05
1.239160000000000000e+05
1.204850000000000000e+05
1.196180000000000000e+05
1.205290000000000000e+05
1.216860000000000000e+05
1.216610000000000000e+05
1.237290000000000000e+05
1.286760000000000000e+05
1.352620000000000000e+05
1.445360000000000000e+05
1.578890000000000000e+05
1.733580000000000000e+05
1.799640000000000000e+05
1.702560000000000000e+05
1.503810000000000000e+05
1.317870000000000000e+05
1.193770000000000000e+05
1.122430000000000000e+05
1.086220000000000000e+05
1.066100000000000000e+05
1.047380000000000000e+05
1.038870000000000000e+05
1.032250000000000000e+05
1.040360000000000000e+05
1.056910000000000000e+05
1.087740000000000000e+05
1.119500000000000000e+05
1.178570000000000000e+05
1.246990000000000000e+05
1.268670000000000000e+05
1.224070000000000000e+05
1.137300000000000000e+05
1.062850000000000000e+05
1.016900000000000000e+05
9.953400000000000000e+04
9.918300000000000000e+04
9.856600000000000000e+04
9.849100000000000000e+04
9.967800000000000000e+04
1.010780000000000000e+05
1.025250000000000000e+05
1.030000000000000000e+05
1.031810000000000000e+05
1.034890000000000000e+05
1.035960000000000000e+05
1.016940000000000000e+05
9.798100000000000000e+04
9.416300000000000000e+04
9.178800000000000000e+04
9.000800000000000000e+04
8.868900000000000000e+04
8.762800000000000000e+04
8.719600000000000000e+04
8.644400000000000000e+04
8.583500000000000000e+04
8.525500000000000000e+04
8.503000000000000000e+04
8.522500000000000000e+04
8.510300000000000000e+04
8.548500000000000000e+04
8.448700000000000000e+04
8.349500000000000000e+04
8.232000000000000000e+04
8.167000000000000000e+04
8.122500000000000000e+04
8.127700000000000000e+04
8.194800000000000000e+04
8.295400000000000000e+04
8.384300000000000000e+04
8.447900000000000000e+04
8.364500000000000000e+04
8.243700000000000000e+04
8.103700000000000000e+04
7.959000000000000000e+04
7.853200000000000000e+04
7.824100000000000000e+04
7.871800000000000000e+04
7.925800000000000000e+04
7.866300000000000000e+04
7.775800000000000000e+04
7.692300000000000000e+04
7.670900000000000000e+04
7.623600000000000000e+04
7.576700000000000000e+04
7.539600000000000000e+04
7.493100000000000000e+04
7.483000000000000000e+04
7.411500000000000000e+04
7.393400000000000000e+04
7.316900000000000000e+04
7.274300000000000000e+04
7.191300000000000000e+04
7.097500000000000000e+04
7.014800000000000000e+04
6.995400000000000000e+04
6.940300000000000000e+04
6.931100000000000000e+04
6.837900000000000000e+04
6.747100000000000000e+04
6.703300000000000000e+04
6.680100000000000000e+04
6.636300000000000000e+04
6.577200000000000000e+04
6.536300000000000000e+04
6.531800000000000000e+04
6.514200000000000000e+04
6.500900000000000000e+04
6.444900000000000000e+04
6.434500000000000000e+04
6.460100000000000000e+04
6.406900000000000000e+04
6.386900000000000000e+04
6.346200000000000000e+04
6.368600000000000000e+04
6.336500000000000000e+04
6.322200000000000000e+04
6.291400000000000000e+04
6.263600000000000000e+04
6.283900000000000000e+04
6.387200000000000000e+04
6.488900000000000000e+04
6.651800000000000000e+04
6.829200000000000000e+04
7.031000000000000000e+04
7.375700000000000000e+04
7.885600000000000000e+04
8.269900000000000000e+04
8.489000000000000000e+04
8.514500000000000000e+04
8.339700000000000000e+04
7.894700000000000000e+04
7.286400000000000000e+04
6.649800000000000000e+04
5.957300000000000000e+04
5.249300000000000000e+04
4.594600000000000000e+04
4.055700000000000000e+04
3.681200000000000000e+04
3.454500000000000000e+04
3.334600000000000000e+04
3.278100000000000000e+04
3.244600000000000000e+04
3.225100000000000000e+04
3.226900000000000000e+04
3.230400000000000000e+04
3.169700000000000000e+04
3.153700000000000000e+04
3.094500000000000000e+04
3.016000000000000000e+04
2.947000000000000000e+04
2.821000000000000000e+04
2.696200000000000000e+04
2.560500000000000000e+04
2.387700000000000000e+04
2.177500000000000000e+04
1.919300000000000000e+04
1.707500000000000000e+04
1.546700000000000000e+04
1.460700000000000000e+04
1.395600000000000000e+04
1.351500000000000000e+04
1.315000000000000000e+04
1.309000000000000000e+04
1.314500000000000000e+04
1.321700000000000000e+04
1.313600000000000000e+04
1.336500000000000000e+04
1.331000000000000000e+04
1.329600000000000000e+04
1.332400000000000000e+04
1.321100000000000000e+04
1.323600000000000000e+04
1.311000000000000000e+04
1.304200000000000000e+04
1.300200000000000000e+04
1.285200000000000000e+04
1.295400000000000000e+04
1.301000000000000000e+04
1.318300000000000000e+04
1.343400000000000000e+04
1.344800000000000000e+04
1.356700000000000000e+04
1.355900000000000000e+04
1.374000000000000000e+04
1.396800000000000000e+04
1.452900000000000000e+04
1.556800000000000000e+04
1.571300000000000000e+04
1.473300000000000000e+04
1.375300000000000000e+04
1.306800000000000000e+04
1.272100000000000000e+04
1.236600000000000000e+04
1.198900000000000000e+04
1.187200000000000000e+04
1.183500000000000000e+04
1.178200000000000000e+04
1.174700000000000000e+04
1.176700000000000000e+04
1.165400000000000000e+04
1.185000000000000000e+04
1.161400000000000000e+04
1.177200000000000000e+04
1.185800000000000000e+04
1.193400000000000000e+04
1.202300000000000000e+04
1.215800000000000000e+04
1.207700000000000000e+04
1.221100000000000000e+04
1.201800000000000000e+04
1.204400000000000000e+04
1.212900000000000000e+04
1.197600000000000000e+04
1.182300000000000000e+04
