1.535700000000000000e+04
1.536900000000000000e+04
1.534100000000000000e+04
1.538700000000000000e+04
1.552800000000000000e+04
1.563000000000000000e+04
1.551400000000000000e+04
1.544800000000000000e+04
1.545400000000000000e+04
1.540900000000000000e+04
1.547800000000000000e+04
1.545900000000000000e+04
1.553700000000000000e+04
1.551400000000000000e+04
1.568200000000000000e+04
1.552200000000000000e+04
1.564100000000000000e+04
1.577700000000000000e+04
1.579500000000000000e+04
1.578100000000000000e+04
1.576200000000000000e+04
1.590800000000000000e+04
1.595200000000000000e+04
1.582000000000000000e+04
1.590200000000000000e+04
1.588900000000000000e+04
1.590600000000000000e+04
1.596000000000000000e+04
1.602600000000000000e+04
1.614700000000000000e+04
1.635100000000000000e+04
1.626400000000000000e+04
1.637700000000000000e+04
1.653900000000000000e+04
1.653900000000000000e+04
1.660200000000000000e+04
1.640300000000000000e+04
1.651300000000000000e+04
1.650500000000000000e+04
1.641300000000000000e+04
1.629900000000000000e+04
1.641400000000000000e+04
1.677900000000000000e+04
1.701900000000000000e+04
1.710400000000000000e+04
1.707300000000000000e+04
1.710100000000000000e+04
1.704900000000000000e+04
1.707500000000000000e+04
1.736000000000000000e+04
1.781000000000000000e+04
1.852300000000000000e+04
1.948900000000000000e+04
2.193100000000000000e+04
2.558600000000000000e+04
3.123800000000000000e+04
3.830600000000000000e+04
4.332900000000000000e+04
4.715500000000000000e+04
5.095800000000000000e+04
5.475400000000000000e+04
5.908700000000000000e+04
6.270500000000000000e+04
6.537300000000000000e+04
6.904000000000000000e+04
7.386000000000000000e+04
8.076400000000000000e+04
9.189100000000000000e+04
1.069610000000000000e+05
1.228720000000000000e+05
1.390220000000000000e+05
1.548960000000000000e+05
1.704350000000000000e+05
1.941550000000000000e+05
2.352730000000000000e+05
2.978050000000000000e+05
3.678290000000000000e+05
4.393090000000000000e+05
5.156040000000000000e+05
5.691470000000000000e+05
5.854290000000000000e+05
5.809170000000000000e+05
5.521970000000000000e+05
5.161940000000000000e+05
4.726250000000000000e+05
4.212640000000000000e+05
3.646910000000000000e+05
2.995800000000000000e+05
2.398150000000000000e+05
1.942470000000000000e+05
1.677180000000000000e+05
1.540040000000000000e+05
1.458400000000000000e+05
1.385990000000000000e+05
1.315340000000000000e+05
1.249030000000000000e+05
1.187400000000000000e+05
1.136330000000000000e+05
1.094700000000000000e+05
1.071490000000000000e+05
1.074130000000000000e+05
1.106350000000000000e+05
1.119190000000000000e+05
1.080120000000000000e+05
1.047480000000000000e+05
1.060850000000000000e+05
1.112550000000000000e+05
1.178150000000000000e+05
1.222210000000000000e+05
1.257480000000000000e+05
1.307220000000000000e+05
1.368380000000000000e+05
1.441980000000000000e+05
1.521070000000000000e+05
1.595130000000000000e+05
1.593270000000000000e+05
1.500640000000000000e+05
1.369350000000000000e+05
1.249880000000000000e+05
1.196810000000000000e+05
1.219550000000000000e+05
1.275410000000000000e+05
1.360340000000000000e+05
1.453950000000000000e+05
1.551090000000000000e+05
1.666880000000000000e+05
1.792960000000000000e+05
1.877890000000000000e+05
1.939230000000000000e+05
1.992530000000000000e+05
1.990050000000000000e+05
1.988720000000000000e+05
2.014340000000000000e+05
2.102470000000000000e+05
2.268490000000000000e+05
2.615720000000000000e+05
3.267690000000000000e+05
4.235020000000000000e+05
5.287870000000000000e+05
5.781710000000000000e+05
5.635640000000000000e+05
5.704970000000000000e+05
6.517210000000000000e+05
7.444270000000000000e+05
7.980390000000000000e+05
8.385880000000000000e+05
8.837230000000000000e+05
9.031260000000000000e+05
9.000220000000000000e+05
8.661790000000000000e+05
8.162170000000000000e+05
7.536790000000000000e+05
6.896710000000000000e+05
6.313990000000000000e+05
5.753340000000000000e+05
5.069760000000000000e+05
4.344480000000000000e+05
3.674640000000000000e+05
3.112830000000000000e+05
2.699590000000000000e+05
2.423540000000000000e+05
2.223200000000000000e+05
2.020700000000000000e+05
1.814820000000000000e+05
1.621930000000000000e+05
1.462020000000000000e+05
1.342950000000000000e+05
1.270770000000000000e+05
1.214230000000000000e+05
1.191210000000000000e+05
1.186380000000000000e+05
1.186610000000000000e+05
1.197210000000000000e+05
1.224450000000000000e+05
1.264940000000000000e+05
1.323930000000000000e+05
1.384800000000000000e+05
1.404650000000000000e+05
1.397620000000000000e+05
1.393250000000000000e+05
1.441010000000000000e+05
1.538830000000000000e+05
1.646930000000000000e+05
1.768040000000000000e+05
1.908720000000000000e+05
1.998980000000000000e+05
2.076200000000000000e+05
2.077770000000000000e+05
2.041480000000000000e+05
2.012060000000000000e+05
2.033000000000000000e+05
2.169130000000000000e+05
2.549910000000000000e+05
3.371640000000000000e+05
4.519880000000000000e+05
5.517710000000000000e+05
5.962880000000000000e+05
6.112910000000000000e+05
6.534230000000000000e+05
7.173650000000000000e+05
7.593030000000000000e+05
7.995740000000000000e+05
8.396400000000000000e+05
8.743550000000000000e+05
8.720440000000000000e+05
8.454180000000000000e+05
7.854620000000000000e+05
7.025870000000000000e+05
6.230810000000000000e+05
5.549830000000000000e+05
4.956050000000000000e+05
4.431440000000000000e+05
3.926950000000000000e+05
3.374610000000000000e+05
2.872480000000000000e+05
2.542490000000000000e+05
2.290790000000000000e+05
2.061740000000000000e+05
1.844100000000000000e+05
1.658690000000000000e+05
1.524330000000000000e+05
1.415850000000000000e+05
1.354990000000000000e+05
1.350480000000000000e+05
1.391290000000000000e+05
1.435560000000000000e+05
1.418380000000000000e+05
1.416810000000000000e+05
1.448970000000000000e+05
1.511360000000000000e+05
1.603510000000000000e+05
1.687130000000000000e+05
1.788250000000000000e+05
1.864700000000000000e+05
1.915590000000000000e+05
1.901210000000000000e+05
1.823030000000000000e+05
1.772350000000000000e+05
1.812800000000000000e+05
2.042330000000000000e+05
2.600660000000000000e+05
3.534370000000000000e+05
4.491580000000000000e+05
5.112520000000000000e+05
5.647880000000000000e+05
6.108480000000000000e+05
6.736470000000000000e+05
7.183840000000000000e+05
7.585190000000000000e+05
7.973750000000000000e+05
8.114170000000000000e+05
7.961190000000000000e+05
7.453960000000000000e+05
6.449430000000000000e+05
5.423350000000000000e+05
4.621740000000000000e+05
3.944980000000000000e+05
3.402860000000000000e+05
2.978880000000000000e+05
2.648060000000000000e+05
2.419720000000000000e+05
2.245160000000000000e+05
2.054830000000000000e+05
1.864280000000000000e+05
1.685140000000000000e+05
1.536070000000000000e+05
1.420270000000000000e+05
1.363110000000000000e+05
1.360710000000000000e+05
1.384860000000000000e+05
1.453290000000000000e+05
1.563780000000000000e+05
1.694750000000000000e+05
1.732310000000000000e+05
1.769050000000000000e+05
1.778400000000000000e+05
1.757500000000000000e+05
1.701870000000000000e+05
1.715890000000000000e+05
1.870320000000000000e+05
2.286310000000000000e+05
3.024840000000000000e+05
3.888920000000000000e+05
4.677570000000000000e+05
5.422900000000000000e+05
5.828170000000000000e+05
6.392370000000000000e+05
6.762700000000000000e+05
7.335000000000000000e+05
7.735180000000000000e+05
7.725950000000000000e+05
7.350330000000000000e+05
6.220670000000000000e+05
4.579970000000000000e+05
3.420840000000000000e+05
2.947780000000000000e+05
2.749470000000000000e+05
2.526810000000000000e+05
2.366090000000000000e+05
2.255900000000000000e+05
2.106260000000000000e+05
1.921840000000000000e+05
1.740430000000000000e+05
1.594750000000000000e+05
1.503540000000000000e+05
1.476050000000000000e+05
1.496820000000000000e+05
1.538340000000000000e+05
1.588300000000000000e+05
1.621280000000000000e+05
1.620250000000000000e+05
1.595960000000000000e+05
1.587430000000000000e+05
1.650420000000000000e+05
1.845590000000000000e+05
2.219700000000000000e+05
2.673750000000000000e+05
3.146500000000000000e+05
3.813330000000000000e+05
4.336060000000000000e+05
4.980770000000000000e+05
5.383740000000000000e+05
5.833750000000000000e+05
6.255540000000000000e+05
6.247200000000000000e+05
5.738630000000000000e+05
4.376870000000000000e+05
2.898150000000000000e+05
2.221650000000000000e+05
2.071570000000000000e+05
2.007870000000000000e+05
1.943060000000000000e+05
1.895880000000000000e+05
1.808300000000000000e+05
1.680370000000000000e+05
1.545600000000000000e+05
1.459310000000000000e+05
1.431560000000000000e+05
1.448350000000000000e+05
1.489430000000000000e+05
1.483640000000000000e+05
1.497640000000000000e+05
1.509100000000000000e+05
1.529640000000000000e+05
1.639830000000000000e+05
1.909880000000000000e+05
2.340810000000000000e+05
2.884550000000000000e+05
3.303330000000000000e+05
3.532880000000000000e+05
4.036480000000000000e+05
4.421930000000000000e+05
4.896220000000000000e+05
5.281950000000000000e+05
5.015000000000000000e+05
4.024390000000000000e+05
2.781720000000000000e+05
2.108650000000000000e+05
1.841520000000000000e+05
1.730060000000000000e+05
1.689800000000000000e+05
1.681740000000000000e+05
1.653200000000000000e+05
1.581600000000000000e+05
1.501060000000000000e+05
1.449730000000000000e+05
1.432380000000000000e+05
1.428840000000000000e+05
1.445720000000000000e+05
1.461370000000000000e+05
1.481910000000000000e+05
1.545630000000000000e+05
1.759290000000000000e+05
2.175080000000000000e+05
2.586000000000000000e+05
2.761300000000000000e+05
2.889770000000000000e+05
3.038830000000000000e+05
3.432450000000000000e+05
4.015090000000000000e+05
4.044210000000000000e+05
3.359220000000000000e+05
2.457850000000000000e+05
1.902700000000000000e+05
1.760880000000000000e+05
1.710440000000000000e+05
1.654090000000000000e+05
1.607480000000000000e+05
1.557430000000000000e+05
1.513740000000000000e+05
1.486460000000000000e+05
1.483880000000000000e+05
1.487330000000000000e+05
1.574800000000000000e+05
1.862850000000000000e+05
2.006200000000000000e+05
2.036410000000000000e+05
2.235840000000000000e+05
2.437230000000000000e+05
2.531150000000000000e+05
2.630550000000000000e+05
2.796730000000000000e+05
3.047320000000000000e+05
3.088370000000000000e+05
2.762420000000000000e+05
2.170270000000000000e+05
1.761200000000000000e+05
1.596720000000000000e+05
1.536020000000000000e+05
1.513680000000000000e+05
1.483760000000000000e+05
1.444670000000000000e+05
1.413000000000000000e+05
1.414710000000000000e+05
1.390800000000000000e+05
1.368530000000000000e+05
1.377040000000000000e+05
1.465930000000000000e+05
1.679390000000000000e+05
1.896290000000000000e+05
2.029160000000000000e+05
2.154990000000000000e+05
2.338170000000000000e+05
2.543210000000000000e+05
2.472300000000000000e+05
2.071740000000000000e+05
1.657280000000000000e+05
1.471410000000000000e+05
1.443070000000000000e+05
1.452710000000000000e+05
1.461800000000000000e+05
1.437770000000000000e+05
1.412720000000000000e+05
1.398280000000000000e+05
1.366250000000000000e+05
1.340080000000000000e+05
1.370540000000000000e+05
1.453940000000000000e+05
1.520700000000000000e+05
1.589480000000000000e+05
1.678090000000000000e+05
1.812410000000000000e+05
1.903090000000000000e+05
1.765050000000000000e+05
1.526830000000000000e+05
1.370690000000000000e+05
1.296950000000000000e+05
1.274650000000000000e+05
1.266200000000000000e+05
1.252690000000000000e+05
1.244730000000000000e+05
1.237390000000000000e+05
1.229590000000000000e+05
1.239600000000000000e+05
1.266310000000000000e+05
1.291090000000000000e+05
1.318650000000000000e+05
1.355880000000000000e+05
1.401710000000000000e+05
1.432160000000000000e+05
1.393570000000000000e+05
1.341060000000000000e+05
1.307820000000000000e+05
1.294680000000000000e+05
1.316470000000000000e+05
1.332960000000000000e+05
1.331580000000000000e+05
1.315320000000000000e+05
1.286260000000000000e+05
1.253580000000000000e+05
1.230230000000000000e+05
1.214880000000000000e+05
1.205130000000000000e+05
1.211710000000000000e+05
1.219650000000000000e+05
1.208700000000000000e+05
1.184660000000000000e+05
1.166370000000000000e+05
1.158330000000000000e+05
1.150460000000000000e+05
1.138330000000000000e+05
1.127540000000000000e+05
1.114510000000000000e+05
1.101800000000000000e+05
1.099370000000000000e+05
1.094260000000000000e+05
1.093740000000000000e+05
1.098660000000000000e+05
1.100060000000000000e+05
1.095970000000000000e+05
1.098250000000000000e+05
1.106410000000000000e+05
1.118120000000000000e+05
1.135710000000000000e+05
1.155650000000000000e+05
1.147430000000000000e+05
1.122020000000000000e+05
1.096850000000000000e+05
1.072860000000000000e+05
1.055100000000000000e+05
1.041140000000000000e+05
1.046730000000000000e+05
1.073600000000000000e+05
1.083600000000000000e+05
1.071460000000000000e+05
1.056560000000000000e+05
1.042900000000000000e+05
1.027940000000000000e+05
1.017970000000000000e+05
1.008680000000000000e+05
1.002100000000000000e+05
9.962300000000000000e+04
9.946000000000000000e+04
9.924400000000000000e+04
9.905900000000000000e+04
9.836100000000000000e+04
9.783700000000000000e+04
9.652400000000000000e+04
9.483200000000000000e+04
9.289200000000000000e+04
9.250400000000000000e+04
9.262300000000000000e+04
9.291300000000000000e+04
9.137400000000000000e+04
8.947700000000000000e+04
8.814300000000000000e+04
8.674100000000000000e+04
8.575000000000000000e+04
8.507600000000000000e+04
8.450800000000000000e+04
8.389800000000000000e+04
8.328300000000000000e+04
8.318900000000000000e+04
8.276400000000000000e+04
8.287900000000000000e+04
8.236600000000000000e+04
8.180200000000000000e+04
8.132000000000000000e+04
8.113600000000000000e+04
8.109000000000000000e+04
8.093600000000000000e+04
8.056600000000000000e+04
7.950700000000000000e+04
7.866800000000000000e+04
7.792100000000000000e+04
7.809800000000000000e+04
7.802500000000000000e+04
7.865400000000000000e+04
7.874700000000000000e+04
7.909200000000000000e+04
8.033000000000000000e+04
8.200900000000000000e+04
8.252800000000000000e+04
8.178900000000000000e+04
7.940100000000000000e+04
7.541900000000000000e+04
7.038000000000000000e+04
6.489000000000000000e+04
5.922600000000000000e+04
5.343100000000000000e+04
4.765800000000000000e+04
4.237700000000000000e+04
3.839700000000000000e+04
3.570400000000000000e+04
3.397700000000000000e+04
3.289700000000000000e+04
3.230700000000000000e+04
3.194900000000000000e+04
3.151500000000000000e+04
3.111700000000000000e+04
3.080200000000000000e+04
3.033100000000000000e+04
2.966600000000000000e+04
2.909400000000000000e+04
2.868900000000000000e+04
2.779700000000000000e+04
2.698400000000000000e+04
2.567700000000000000e+04
2.445100000000000000e+04
2.294800000000000000e+04
2.103100000000000000e+04
1.886600000000000000e+04
1.674300000000000000e+04
1.528800000000000000e+04
1.427600000000000000e+04
1.376200000000000000e+04
1.333000000000000000e+04
1.308700000000000000e+04
1.305800000000000000e+04
1.302200000000000000e+04
1.312400000000000000e+04
1.315300000000000000e+04
1.316700000000000000e+04
1.335000000000000000e+04
1.314600000000000000e+04
1.330900000000000000e+04
1.328500000000000000e+04
1.320900000000000000e+04
1.319900000000000000e+04
1.301400000000000000e+04
1.316900000000000000e+04
1.282400000000000000e+04
1.281300000000000000e+04
1.282500000000000000e+04
1.325200000000000000e+04
1.335000000000000000e+04
1.356600000000000000e+04
1.357200000000000000e+04
1.370900000000000000e+04
1.388200000000000000e+04
1.393200000000000000e+04
1.457000000000000000e+04
1.549400000000000000e+04
1.553000000000000000e+04
1.463600000000000000e+04
1.364700000000000000e+04
1.305000000000000000e+04
1.263400000000000000e+04
1.226700000000000000e+04
1.210100000000000000e+04
1.196300000000000000e+04
1.182800000000000000e+04
1.167600000000000000e+04
1.163600000000000000e+04
1.163300000000000000e+04
1.169700000000000000e+04
1.171200000000000000e+04
1.159300000000000000e+04
1.165700000000000000e+04
1.174600000000000000e+04
1.186200000000000000e+04
1.186500000000000000e+04
1.206500000000000000e+04
1.196500000000000000e+04
1.213000000000000000e+04
1.196600000000000000e+04
1.206500000000000000e+04
1.192700000000000000e+04
1.186500000000000000e+04
1.166700000000000000e+04
