12111
12060
11935
11996
12024
12127
11981
12154
12104
12238
12137
12041
11991
12127
12081
12166
12208
12199
12139
12087
12289
12461
12175
12293
12228
12250
12294
12432
12402
12332
12424
12368
12488
12696
12659
12616
12585
12621
12659
12669
12663
12716
12693
12728
12671
12793
12707
12894
12476
12585
12595
13043
13214
13269
13085
13158
13300
14037
15189
17338
21021
24606
27134
29500
31287
33004
33882
34656
35901
37893
41131
46260
53853
62633
70888
79725
89828
103704
125812
159729
201124
241771
275473
296019
298680
288424
264972
232966
197777
162689
130939
108461
96294
89726
85354
81794
77673
73286
67845
62536
57869
54845
53481
52968
53945
56355
56054
53257
50111
47716
46476
45767
45222
45317
46387
47042
48422
50411
51719
52450
52499
51859
51153
51143
51588
52355
52851
53483
54312
55866
58404
61578
64305
65855
67171
69249
72283
75673
81124
89462
105010
131533
171838
228072
296944
372122
442753
501512
545951
572275
583330
583934
575513
558746
530527
489276
433194
360316
282184
211486
168535
145388
127524
112688
99795
89032
80478
74601
70696
67875
66485
64943
62793
61192
59600
58262
57533
56887
56521
56140
56507
57212
57215
57387
57389
57880
57630
58050
58900
60644
62636
64983
67947
70515
74370
79021
83873
89945
103540
132096
178881
237947
307849
389488
465244
516319
545962
557973
555025
535775
497095
430457
341378
257632
207032
165938
132540
110448
95446
85173
78674
75002
72484
70697
68188
66350
64660
64812
66590
67549
64771
61738
60986
60371
60979
60745
60613
61419
62841
64408
66130
67609
69938
74657
79734
84256
92413
115643
159595
213091
272810
354022
432790
477542
494712
483350
437893
357777
274234
222245
180505
138145
108958
91583
81561
75569
71454
69147
67163
65034
63230
61575
60771
60336
60347
62269
63964
63306
62200
62238
63556
66627
68915
70920
74483
79803
84420
91594
117897
171230
228764
269804
302815
331563
334283
311432
285843
259169
214126
158901
118013
94675
81025
73768
70066
67865
66200
64992
63727
63387
64216
64432
63752
63772
63569
63658
64739
67923
71965
72309
74409
77891
81525
97644
138302
187036
221333
236083
239374
234732
217895
184270
139410
101577
81533
72735
68160
65285
62170
60883
60414
60130
60180
60383
60462
62123
63066
63686
65662
68838
75221
89585
89652
85717
101086
133668
169750
190092
192946
179674
151774
115726
86455
71714
66585
64832
63619
62174
60460
59487
59199
59185
59953
62077
61555
61641
62076
62246
64394
66364
70813
84289
109368
132503
139344
127080
104554
84556
76279
71272
67400
64737
62903
62103
62615
62926
63852
69523
84179
87147
79950
74183
71506
70631
71883
79623
90094
95542
90421
80087
71284
65781
63555
62259
61097
60128
60136
60673
59570
58517
58187
58555
59113
60220
61633
63121
66424
70530
72084
69068
64440
62020
62048
62096
61629
61050
60191
60057
58735
57741
57805
58019
57892
58711
59312
60551
62144
62140
61309
59316
57578
56477
55706
55388
55248
54932
54956
55274
55686
56262
56723
57505
57897
58565
58508
58100
57593
57541
57996
58785
58338
57814
56519
55433
54554
54169
53802
53746
53826
53350
52818
52170
51709
50995
50430
49928
49414
49248
49038
48839
48853
48934
49064
48599
49080
49292
49823
50487
51168
51041
49714
48813
47619
46588
46393
46808
47689
47532
46850
46190
45710
45247
44868
44784
44253
44045
43944
43607
43338
43121
42761
42003
41399
40959
40606
40926
40679
40223
39608
39121
38804
38486
38183
38133
37832
37601
37440
37343
37385
37164
37020
36624
36664
36624
36598
36533
35973
35785
35604
35821
36092
36234
36697
37256
37758
38952
40018
40495
40297
39856
38276
36181
33379
30816
28128
25774
23086
21337
20315
19622
19335
18942
18957
18929
18672
18677
18457
18426
17947
17520
17230
16742
16235
15542
14776
13931
12816
11990
11502
11368
11103
10961
10882
10991
10978
10960
10863
11325
10914
10764
10838
10824
10751
10766
10669
10766
10752
10873
10684
10832
10854
10828
10874
11049
10992
11302
11662
11834
11485
11217
10903
10755
10691
10560
10527
10424
10411
10354
10447
10616
10561
10626
10808
10457
10678
10608
10595
10588
10476
10317
