1.795550000000000000e+05
2.312560000000000000e+05
2.904220000000000000e+05
3.503830000000000000e+05
4.070040000000000000e+05
4.586960000000000000e+05
5.000110000000000000e+05
5.288430000000000000e+05
5.463760000000000000e+05
5.575490000000000000e+05
5.629210000000000000e+05
5.652940000000000000e+05
5.624740000000000000e+05
5.541880000000000000e+05
5.435830000000000000e+05
5.294640000000000000e+05
5.138680000000000000e+05
4.986410000000000000e+05
4.835130000000000000e+05
4.661020000000000000e+05
4.431500000000000000e+05
4.154000000000000000e+05
3.824600000000000000e+05
3.455290000000000000e+05
3.039980000000000000e+05
2.603270000000000000e+05
2.179880000000000000e+05
1.839960000000000000e+05
1.572870000000000000e+05
1.395670000000000000e+05
1.290370000000000000e+05
1.228340000000000000e+05
1.182500000000000000e+05
1.147050000000000000e+05
1.115420000000000000e+05
1.111260000000000000e+05
1.129470000000000000e+05
1.156900000000000000e+05
1.150390000000000000e+05
1.096840000000000000e+05
1.048590000000000000e+05
1.021690000000000000e+05
1.010730000000000000e+05
1.004820000000000000e+05
9.955500000000000000e+04
9.851900000000000000e+04
9.891300000000000000e+04
1.003740000000000000e+05
1.018430000000000000e+05
1.041370000000000000e+05
1.061560000000000000e+05
1.083340000000000000e+05
1.092090000000000000e+05
1.091560000000000000e+05
1.093800000000000000e+05
1.105240000000000000e+05
1.122090000000000000e+05
1.143060000000000000e+05
1.174650000000000000e+05
1.201510000000000000e+05
1.218070000000000000e+05
1.217100000000000000e+05
1.223150000000000000e+05
1.249130000000000000e+05
1.284850000000000000e+05
1.332800000000000000e+05
1.403880000000000000e+05
1.501260000000000000e+05
1.598780000000000000e+05
1.679000000000000000e+05
1.775820000000000000e+05
1.885430000000000000e+05
2.018240000000000000e+05
2.150540000000000000e+05
2.314360000000000000e+05
2.573210000000000000e+05
2.931790000000000000e+05
3.421650000000000000e+05
4.062040000000000000e+05
4.838160000000000000e+05
5.634650000000000000e+05
6.360200000000000000e+05
6.916820000000000000e+05
7.314770000000000000e+05
7.606780000000000000e+05
7.871440000000000000e+05
8.070280000000000000e+05
8.172080000000000000e+05
8.248540000000000000e+05
8.283480000000000000e+05
8.238120000000000000e+05
8.154920000000000000e+05
8.017010000000000000e+05
7.862990000000000000e+05
7.695610000000000000e+05
7.511180000000000000e+05
7.324210000000000000e+05
7.137730000000000000e+05
6.910760000000000000e+05
6.620070000000000000e+05
6.218690000000000000e+05
5.685990000000000000e+05
5.032130000000000000e+05
4.256500000000000000e+05
3.498640000000000000e+05
2.840110000000000000e+05
2.320090000000000000e+05
1.965260000000000000e+05
1.742650000000000000e+05
1.596800000000000000e+05
1.506220000000000000e+05
1.455220000000000000e+05
1.413190000000000000e+05
1.368820000000000000e+05
1.324580000000000000e+05
1.299040000000000000e+05
1.274770000000000000e+05
1.251640000000000000e+05
1.236330000000000000e+05
1.230120000000000000e+05
1.230710000000000000e+05
1.226220000000000000e+05
1.220990000000000000e+05
1.221790000000000000e+05
1.229060000000000000e+05
1.239200000000000000e+05
1.248020000000000000e+05
1.256100000000000000e+05
1.284740000000000000e+05
1.324380000000000000e+05
1.361650000000000000e+05
1.397950000000000000e+05
1.430840000000000000e+05
1.482570000000000000e+05
1.556140000000000000e+05
1.664400000000000000e+05
1.782880000000000000e+05
1.909840000000000000e+05
2.028110000000000000e+05
2.131120000000000000e+05
2.243860000000000000e+05
2.405710000000000000e+05
2.649050000000000000e+05
3.018670000000000000e+05
3.525380000000000000e+05
4.155350000000000000e+05
4.867560000000000000e+05
5.580080000000000000e+05
6.188100000000000000e+05
6.640760000000000000e+05
6.994460000000000000e+05
7.258520000000000000e+05
7.467200000000000000e+05
7.593700000000000000e+05
7.653510000000000000e+05
7.639600000000000000e+05
7.571370000000000000e+05
7.427570000000000000e+05
7.229260000000000000e+05
7.001790000000000000e+05
6.753410000000000000e+05
6.467320000000000000e+05
6.103970000000000000e+05
5.669430000000000000e+05
5.149740000000000000e+05
4.570550000000000000e+05
3.925460000000000000e+05
3.292780000000000000e+05
2.738510000000000000e+05
2.305650000000000000e+05
1.979530000000000000e+05
1.758600000000000000e+05
1.605750000000000000e+05
1.499780000000000000e+05
1.434390000000000000e+05
1.392790000000000000e+05
1.366890000000000000e+05
1.351900000000000000e+05
1.349580000000000000e+05
1.359440000000000000e+05
1.368160000000000000e+05
1.360400000000000000e+05
1.333520000000000000e+05
1.303640000000000000e+05
1.285800000000000000e+05
1.290660000000000000e+05
1.305910000000000000e+05
1.337930000000000000e+05
1.376660000000000000e+05
1.420920000000000000e+05
1.488840000000000000e+05
1.550610000000000000e+05
1.628800000000000000e+05
1.715210000000000000e+05
1.812980000000000000e+05
1.919890000000000000e+05
2.035660000000000000e+05
2.191590000000000000e+05
2.425630000000000000e+05
2.786270000000000000e+05
3.297120000000000000e+05
3.907440000000000000e+05
4.549540000000000000e+05
5.162580000000000000e+05
5.689980000000000000e+05
6.113730000000000000e+05
6.415120000000000000e+05
6.613430000000000000e+05
6.722730000000000000e+05
6.737720000000000000e+05
6.654550000000000000e+05
6.507930000000000000e+05
6.300340000000000000e+05
6.041200000000000000e+05
5.715640000000000000e+05
5.330380000000000000e+05
4.864800000000000000e+05
4.332190000000000000e+05
3.771320000000000000e+05
3.206330000000000000e+05
2.704670000000000000e+05
2.298790000000000000e+05
1.986320000000000000e+05
1.767190000000000000e+05
1.617420000000000000e+05
1.519400000000000000e+05
1.451200000000000000e+05
1.405210000000000000e+05
1.370160000000000000e+05
1.348370000000000000e+05
1.331200000000000000e+05
1.332380000000000000e+05
1.348140000000000000e+05
1.383410000000000000e+05
1.418370000000000000e+05
1.454070000000000000e+05
1.486960000000000000e+05
1.520220000000000000e+05
1.558350000000000000e+05
1.617440000000000000e+05
1.688330000000000000e+05
1.787150000000000000e+05
1.900900000000000000e+05
2.020810000000000000e+05
2.159280000000000000e+05
2.353390000000000000e+05
2.633740000000000000e+05
3.023980000000000000e+05
3.528140000000000000e+05
4.078230000000000000e+05
4.634030000000000000e+05
5.138720000000000000e+05
5.539430000000000000e+05
5.817020000000000000e+05
5.966040000000000000e+05
5.998960000000000000e+05
5.913210000000000000e+05
5.735820000000000000e+05
5.477920000000000000e+05
5.147340000000000000e+05
4.749920000000000000e+05
4.296990000000000000e+05
3.820220000000000000e+05
3.322800000000000000e+05
2.869240000000000000e+05
2.473640000000000000e+05
2.164710000000000000e+05
1.930350000000000000e+05
1.770680000000000000e+05
1.658540000000000000e+05
1.582350000000000000e+05
1.527730000000000000e+05
1.490000000000000000e+05
1.465970000000000000e+05
1.454710000000000000e+05
1.449920000000000000e+05
1.456530000000000000e+05
1.467240000000000000e+05
1.491660000000000000e+05
1.528090000000000000e+05
1.575450000000000000e+05
1.647410000000000000e+05
1.737290000000000000e+05
1.834100000000000000e+05
1.930500000000000000e+05
2.043560000000000000e+05
2.197740000000000000e+05
2.414200000000000000e+05
2.728500000000000000e+05
3.115140000000000000e+05
3.519600000000000000e+05
3.901520000000000000e+05
4.208410000000000000e+05
4.420110000000000000e+05
4.514370000000000000e+05
4.498130000000000000e+05
4.382600000000000000e+05
4.179790000000000000e+05
3.902370000000000000e+05
3.560230000000000000e+05
3.184930000000000000e+05
2.827660000000000000e+05
2.495790000000000000e+05
2.209640000000000000e+05
1.976020000000000000e+05
1.792290000000000000e+05
1.653390000000000000e+05
1.549100000000000000e+05
1.485580000000000000e+05
1.444480000000000000e+05
1.430180000000000000e+05
1.442480000000000000e+05
1.454460000000000000e+05
1.486540000000000000e+05
1.533830000000000000e+05
1.581220000000000000e+05
1.624060000000000000e+05
1.685320000000000000e+05
1.762150000000000000e+05
1.881160000000000000e+05
2.054840000000000000e+05
2.251870000000000000e+05
2.424260000000000000e+05
2.629450000000000000e+05
2.868550000000000000e+05
3.079670000000000000e+05
3.285040000000000000e+05
3.451730000000000000e+05
3.549560000000000000e+05
3.563250000000000000e+05
3.500490000000000000e+05
3.377720000000000000e+05
3.181990000000000000e+05
2.917020000000000000e+05
2.624670000000000000e+05
2.336910000000000000e+05
2.078130000000000000e+05
1.869050000000000000e+05
1.714150000000000000e+05
1.604280000000000000e+05
1.530270000000000000e+05
1.477080000000000000e+05
1.444360000000000000e+05
1.430900000000000000e+05
1.433780000000000000e+05
1.460750000000000000e+05
1.503830000000000000e+05
1.541940000000000000e+05
1.575290000000000000e+05
1.609200000000000000e+05
1.642590000000000000e+05
1.684770000000000000e+05
1.744450000000000000e+05
1.828860000000000000e+05
1.965760000000000000e+05
2.148480000000000000e+05
2.357280000000000000e+05
2.555270000000000000e+05
2.704680000000000000e+05
2.788740000000000000e+05
2.792840000000000000e+05
2.729500000000000000e+05
2.613730000000000000e+05
2.497460000000000000e+05
2.358200000000000000e+05
2.186190000000000000e+05
2.009870000000000000e+05
1.846350000000000000e+05
1.709040000000000000e+05
1.607420000000000000e+05
1.550350000000000000e+05
1.526030000000000000e+05
1.525320000000000000e+05
1.553740000000000000e+05
1.636540000000000000e+05
1.822060000000000000e+05
1.989990000000000000e+05
2.063360000000000000e+05
2.080070000000000000e+05
2.046280000000000000e+05
1.999650000000000000e+05
1.982960000000000000e+05
2.023880000000000000e+05
2.120000000000000000e+05
2.239790000000000000e+05
2.334390000000000000e+05
2.376090000000000000e+05
2.379030000000000000e+05
2.337260000000000000e+05
2.272070000000000000e+05
2.165060000000000000e+05
2.026350000000000000e+05
1.884630000000000000e+05
1.747440000000000000e+05
1.640270000000000000e+05
1.571820000000000000e+05
1.541500000000000000e+05
1.542690000000000000e+05
1.554830000000000000e+05
1.548460000000000000e+05
1.539340000000000000e+05
1.528020000000000000e+05
1.522950000000000000e+05
1.538360000000000000e+05
1.569690000000000000e+05
1.613580000000000000e+05
1.663980000000000000e+05
1.725230000000000000e+05
1.790390000000000000e+05
1.848170000000000000e+05
1.882020000000000000e+05
1.882540000000000000e+05
1.847910000000000000e+05
1.791850000000000000e+05
1.737460000000000000e+05
1.682440000000000000e+05
1.630490000000000000e+05
1.583360000000000000e+05
1.539080000000000000e+05
1.500390000000000000e+05
1.490060000000000000e+05
1.485550000000000000e+05
1.471200000000000000e+05
1.449240000000000000e+05
1.439830000000000000e+05
1.447440000000000000e+05
1.452120000000000000e+05
1.458910000000000000e+05
1.488170000000000000e+05
1.506400000000000000e+05
1.523380000000000000e+05
1.542680000000000000e+05
1.548530000000000000e+05
1.546190000000000000e+05
1.535650000000000000e+05
1.514900000000000000e+05
1.474700000000000000e+05
1.441000000000000000e+05
1.412110000000000000e+05
1.387670000000000000e+05
1.377950000000000000e+05
1.372520000000000000e+05
1.373060000000000000e+05
1.364000000000000000e+05
1.359730000000000000e+05
1.364180000000000000e+05
1.367230000000000000e+05
1.378820000000000000e+05
1.394510000000000000e+05
1.400950000000000000e+05
1.394260000000000000e+05
1.388780000000000000e+05
1.393370000000000000e+05
1.398390000000000000e+05
1.399790000000000000e+05
1.396080000000000000e+05
1.390090000000000000e+05
1.389090000000000000e+05
1.394360000000000000e+05
1.382060000000000000e+05
1.359420000000000000e+05
1.341170000000000000e+05
1.317370000000000000e+05
1.301240000000000000e+05
1.289360000000000000e+05
1.286230000000000000e+05
1.283760000000000000e+05
1.287480000000000000e+05
1.296130000000000000e+05
1.296850000000000000e+05
1.286790000000000000e+05
1.270710000000000000e+05
1.260840000000000000e+05
1.257290000000000000e+05
1.260540000000000000e+05
1.260550000000000000e+05
1.246030000000000000e+05
1.232700000000000000e+05
1.219980000000000000e+05
1.207640000000000000e+05
1.198050000000000000e+05
1.187590000000000000e+05
1.187770000000000000e+05
1.190810000000000000e+05
1.192710000000000000e+05
1.199030000000000000e+05
1.193350000000000000e+05
1.190290000000000000e+05
1.192830000000000000e+05
1.193280000000000000e+05
1.198320000000000000e+05
1.204890000000000000e+05
1.226660000000000000e+05
1.241900000000000000e+05
1.223430000000000000e+05
1.181370000000000000e+05
1.140290000000000000e+05
1.122060000000000000e+05
1.111440000000000000e+05
1.103920000000000000e+05
1.107570000000000000e+05
1.120270000000000000e+05
1.148920000000000000e+05
1.160680000000000000e+05
1.137530000000000000e+05
1.105730000000000000e+05
1.081860000000000000e+05
1.069860000000000000e+05
1.061020000000000000e+05
1.056800000000000000e+05
1.052770000000000000e+05
1.048490000000000000e+05
1.041180000000000000e+05
1.042720000000000000e+05
1.042140000000000000e+05
1.039550000000000000e+05
1.034050000000000000e+05
1.032820000000000000e+05
1.024270000000000000e+05
1.021930000000000000e+05
1.008240000000000000e+05
9.865800000000000000e+04
9.735400000000000000e+04
9.721900000000000000e+04
9.828500000000000000e+04
1.008740000000000000e+05
1.000310000000000000e+05
9.678500000000000000e+04
9.382800000000000000e+04
9.221500000000000000e+04
9.147600000000000000e+04
9.096500000000000000e+04
9.034100000000000000e+04
9.008200000000000000e+04
8.937000000000000000e+04
8.917200000000000000e+04
8.849900000000000000e+04
8.826300000000000000e+04
8.778200000000000000e+04
8.786400000000000000e+04
8.754300000000000000e+04
8.675000000000000000e+04
8.491600000000000000e+04
8.394000000000000000e+04
8.325300000000000000e+04
8.308800000000000000e+04
8.339100000000000000e+04
8.360500000000000000e+04
8.332200000000000000e+04
8.317500000000000000e+04
8.352600000000000000e+04
8.469500000000000000e+04
8.375700000000000000e+04
8.163100000000000000e+04
7.976600000000000000e+04
7.862200000000000000e+04
7.839400000000000000e+04
7.706000000000000000e+04
7.261500000000000000e+04
6.747100000000000000e+04
6.158200000000000000e+04
5.477500000000000000e+04
4.672100000000000000e+04
3.971400000000000000e+04
3.519300000000000000e+04
3.331500000000000000e+04
3.383000000000000000e+04
3.476400000000000000e+04
3.514100000000000000e+04
3.426200000000000000e+04
3.300700000000000000e+04
3.237700000000000000e+04
3.229500000000000000e+04
3.249900000000000000e+04
3.183700000000000000e+04
3.099400000000000000e+04
3.022000000000000000e+04
2.989300000000000000e+04
2.862900000000000000e+04
2.767500000000000000e+04
2.748900000000000000e+04
2.722900000000000000e+04
2.649200000000000000e+04
2.558500000000000000e+04
2.331200000000000000e+04
1.907800000000000000e+04
1.607800000000000000e+04
1.432300000000000000e+04
1.348100000000000000e+04
1.292700000000000000e+04
1.259800000000000000e+04
1.251100000000000000e+04
1.233500000000000000e+04
1.229700000000000000e+04
1.192800000000000000e+04
1.173900000000000000e+04
1.167900000000000000e+04
1.156800000000000000e+04
1.166400000000000000e+04
1.159200000000000000e+04
1.159800000000000000e+04
1.150700000000000000e+04
1.153900000000000000e+04
1.155300000000000000e+04
1.169500000000000000e+04
1.160200000000000000e+04
1.159800000000000000e+04
1.151900000000000000e+04
1.150800000000000000e+04
1.146100000000000000e+04
1.147100000000000000e+04
1.140900000000000000e+04
1.140800000000000000e+04
1.165900000000000000e+04
1.165100000000000000e+04
1.171700000000000000e+04
1.206400000000000000e+04
1.193900000000000000e+04
1.190000000000000000e+04
1.190000000000000000e+04
1.206400000000000000e+04
1.229000000000000000e+04
1.240800000000000000e+04
1.276200000000000000e+04
1.401300000000000000e+04
1.593900000000000000e+04
1.481000000000000000e+04
1.359000000000000000e+04
1.297800000000000000e+04
1.254500000000000000e+04
1.238100000000000000e+04
1.234000000000000000e+04
1.239800000000000000e+04
1.246200000000000000e+04
1.225800000000000000e+04
1.213900000000000000e+04
1.219400000000000000e+04
1.205800000000000000e+04
1.212400000000000000e+04
1.170500000000000000e+04
