1.428600000000000000e+04
1.425600000000000000e+04
1.415400000000000000e+04
1.434100000000000000e+04
1.444000000000000000e+04
1.442500000000000000e+04
1.446500000000000000e+04
1.448700000000000000e+04
1.453900000000000000e+04
1.456300000000000000e+04
1.464000000000000000e+04
1.474200000000000000e+04
1.483900000000000000e+04
1.491500000000000000e+04
1.499000000000000000e+04
1.491700000000000000e+04
1.487900000000000000e+04
1.493100000000000000e+04
1.510100000000000000e+04
1.513300000000000000e+04
1.508300000000000000e+04
1.489700000000000000e+04
1.489700000000000000e+04
1.493600000000000000e+04
1.523900000000000000e+04
1.546000000000000000e+04
1.569100000000000000e+04
1.637200000000000000e+04
1.721800000000000000e+04
1.780000000000000000e+04
1.884100000000000000e+04
2.009900000000000000e+04
2.125000000000000000e+04
2.276100000000000000e+04
2.437200000000000000e+04
2.624800000000000000e+04
2.833900000000000000e+04
3.031700000000000000e+04
3.163200000000000000e+04
3.261400000000000000e+04
3.344200000000000000e+04
3.425200000000000000e+04
3.527900000000000000e+04
3.617800000000000000e+04
3.723500000000000000e+04
3.905500000000000000e+04
4.096300000000000000e+04
4.341600000000000000e+04
4.684200000000000000e+04
5.104300000000000000e+04
5.678000000000000000e+04
6.368400000000000000e+04
7.118200000000000000e+04
8.016900000000000000e+04
8.930300000000000000e+04
9.953100000000000000e+04
1.113420000000000000e+05
1.246700000000000000e+05
1.402810000000000000e+05
1.583860000000000000e+05
1.783470000000000000e+05
1.998170000000000000e+05
2.223710000000000000e+05
2.460360000000000000e+05
2.686050000000000000e+05
2.912470000000000000e+05
3.126170000000000000e+05
3.339760000000000000e+05
3.541050000000000000e+05
3.741790000000000000e+05
3.928870000000000000e+05
4.096890000000000000e+05
4.258990000000000000e+05
4.406460000000000000e+05
4.539740000000000000e+05
4.658810000000000000e+05
4.763600000000000000e+05
4.846120000000000000e+05
4.901760000000000000e+05
4.944040000000000000e+05
4.959250000000000000e+05
4.949370000000000000e+05
4.910410000000000000e+05
4.852780000000000000e+05
4.791250000000000000e+05
4.687590000000000000e+05
4.576860000000000000e+05
4.450240000000000000e+05
4.306060000000000000e+05
4.142840000000000000e+05
3.971650000000000000e+05
3.785240000000000000e+05
3.606490000000000000e+05
3.417850000000000000e+05
3.239330000000000000e+05
3.072820000000000000e+05
2.896010000000000000e+05
2.721600000000000000e+05
2.551780000000000000e+05
2.372900000000000000e+05
2.198770000000000000e+05
2.019410000000000000e+05
1.855600000000000000e+05
1.704290000000000000e+05
1.562150000000000000e+05
1.436290000000000000e+05
1.321810000000000000e+05
1.225650000000000000e+05
1.143910000000000000e+05
1.071850000000000000e+05
1.016190000000000000e+05
9.701900000000000000e+04
9.301400000000000000e+04
9.007600000000000000e+04
8.787300000000000000e+04
8.581500000000000000e+04
8.463100000000000000e+04
8.431300000000000000e+04
8.385900000000000000e+04
8.487500000000000000e+04
8.625000000000000000e+04
8.896400000000000000e+04
9.214500000000000000e+04
9.715300000000000000e+04
1.031490000000000000e+05
1.111770000000000000e+05
1.203310000000000000e+05
1.318770000000000000e+05
1.454810000000000000e+05
1.611830000000000000e+05
1.793620000000000000e+05
1.996560000000000000e+05
2.232180000000000000e+05
2.479830000000000000e+05
2.751230000000000000e+05
3.033620000000000000e+05
3.320470000000000000e+05
3.620030000000000000e+05
3.909900000000000000e+05
4.195990000000000000e+05
4.451900000000000000e+05
4.697880000000000000e+05
4.927590000000000000e+05
5.131660000000000000e+05
5.311530000000000000e+05
5.474260000000000000e+05
5.622040000000000000e+05
5.743740000000000000e+05
5.848620000000000000e+05
5.929300000000000000e+05
5.990980000000000000e+05
6.028980000000000000e+05
6.036040000000000000e+05
6.017560000000000000e+05
5.971620000000000000e+05
5.903250000000000000e+05
5.808740000000000000e+05
5.679000000000000000e+05
5.524830000000000000e+05
5.346460000000000000e+05
5.142110000000000000e+05
4.909700000000000000e+05
4.649600000000000000e+05
4.381540000000000000e+05
4.099010000000000000e+05
3.805230000000000000e+05
3.526310000000000000e+05
3.271860000000000000e+05
3.035460000000000000e+05
2.812440000000000000e+05
2.591150000000000000e+05
2.384610000000000000e+05
2.177620000000000000e+05
1.985530000000000000e+05
1.815140000000000000e+05
1.667180000000000000e+05
1.528710000000000000e+05
1.418060000000000000e+05
1.319070000000000000e+05
1.235610000000000000e+05
1.170030000000000000e+05
1.113230000000000000e+05
1.065740000000000000e+05
1.037810000000000000e+05
1.021360000000000000e+05
1.017730000000000000e+05
1.026360000000000000e+05
1.058900000000000000e+05
1.104260000000000000e+05
1.177530000000000000e+05
1.272740000000000000e+05
1.399800000000000000e+05
1.549750000000000000e+05
1.735220000000000000e+05
1.946740000000000000e+05
2.189450000000000000e+05
2.451670000000000000e+05
2.731240000000000000e+05
3.010730000000000000e+05
3.295280000000000000e+05
3.575080000000000000e+05
3.828850000000000000e+05
4.076280000000000000e+05
4.290920000000000000e+05
4.488870000000000000e+05
4.659220000000000000e+05
4.816910000000000000e+05
4.959530000000000000e+05
5.079340000000000000e+05
5.176630000000000000e+05
5.251450000000000000e+05
5.290520000000000000e+05
5.310190000000000000e+05
5.295720000000000000e+05
5.246880000000000000e+05
5.164010000000000000e+05
5.054960000000000000e+05
4.906940000000000000e+05
4.708920000000000000e+05
4.483320000000000000e+05
4.229490000000000000e+05
3.948920000000000000e+05
3.643620000000000000e+05
3.367510000000000000e+05
3.097660000000000000e+05
2.845960000000000000e+05
2.627080000000000000e+05
2.412070000000000000e+05
2.206930000000000000e+05
2.007690000000000000e+05
1.824220000000000000e+05
1.656950000000000000e+05
1.506470000000000000e+05
1.375600000000000000e+05
1.264510000000000000e+05
1.173940000000000000e+05
1.099900000000000000e+05
1.045600000000000000e+05
1.011610000000000000e+05
9.983400000000000000e+04
1.002870000000000000e+05
1.025820000000000000e+05
1.072860000000000000e+05
1.146430000000000000e+05
1.249200000000000000e+05
1.378270000000000000e+05
1.546820000000000000e+05
1.743400000000000000e+05
1.968480000000000000e+05
2.209770000000000000e+05
2.470040000000000000e+05
2.732670000000000000e+05
2.985060000000000000e+05
3.236950000000000000e+05
3.454200000000000000e+05
3.662210000000000000e+05
3.842120000000000000e+05
4.001470000000000000e+05
4.138270000000000000e+05
4.239750000000000000e+05
4.299440000000000000e+05
4.325070000000000000e+05
4.316710000000000000e+05
4.275750000000000000e+05
4.193240000000000000e+05
4.066620000000000000e+05
3.900670000000000000e+05
3.697130000000000000e+05
3.472400000000000000e+05
3.248750000000000000e+05
3.024560000000000000e+05
2.814480000000000000e+05
2.602420000000000000e+05
2.396610000000000000e+05
2.196210000000000000e+05
1.998220000000000000e+05
1.801930000000000000e+05
1.622650000000000000e+05
1.459350000000000000e+05
1.321080000000000000e+05
1.206420000000000000e+05
1.113640000000000000e+05
1.046390000000000000e+05
9.974300000000000000e+04
9.694500000000000000e+04
9.533000000000000000e+04
9.609500000000000000e+04
9.870400000000000000e+04
1.030870000000000000e+05
1.101660000000000000e+05
1.200650000000000000e+05
1.324610000000000000e+05
1.476910000000000000e+05
1.656540000000000000e+05
1.851450000000000000e+05
2.060650000000000000e+05
2.262990000000000000e+05
2.463760000000000000e+05
2.651150000000000000e+05
2.828590000000000000e+05
2.980140000000000000e+05
3.108550000000000000e+05
3.200820000000000000e+05
3.244790000000000000e+05
3.240470000000000000e+05
3.182390000000000000e+05
3.090150000000000000e+05
2.976730000000000000e+05
2.845410000000000000e+05
2.706830000000000000e+05
2.558300000000000000e+05
2.390680000000000000e+05
2.202470000000000000e+05
2.018270000000000000e+05
1.823080000000000000e+05
1.635560000000000000e+05
1.464930000000000000e+05
1.316010000000000000e+05
1.195320000000000000e+05
1.095230000000000000e+05
1.012870000000000000e+05
9.508100000000000000e+04
9.106300000000000000e+04
8.775700000000000000e+04
8.622900000000000000e+04
8.598600000000000000e+04
8.725400000000000000e+04
8.990700000000000000e+04
9.481000000000000000e+04
1.014120000000000000e+05
1.100890000000000000e+05
1.199640000000000000e+05
1.309570000000000000e+05
1.428970000000000000e+05
1.553040000000000000e+05
1.681460000000000000e+05
1.794350000000000000e+05
1.900600000000000000e+05
1.984660000000000000e+05
2.046430000000000000e+05
2.084920000000000000e+05
2.089820000000000000e+05
2.073380000000000000e+05
2.025470000000000000e+05
1.952840000000000000e+05
1.857810000000000000e+05
1.738200000000000000e+05
1.609950000000000000e+05
1.479690000000000000e+05
1.349560000000000000e+05
1.228980000000000000e+05
1.125910000000000000e+05
1.032810000000000000e+05
9.627600000000000000e+04
9.050400000000000000e+04
8.651100000000000000e+04
8.436000000000000000e+04
8.334100000000000000e+04
8.230500000000000000e+04
8.195300000000000000e+04
8.258300000000000000e+04
8.480000000000000000e+04
8.772900000000000000e+04
9.201800000000000000e+04
9.772900000000000000e+04
1.047270000000000000e+05
1.123570000000000000e+05
1.203240000000000000e+05
1.284430000000000000e+05
1.351310000000000000e+05
1.401120000000000000e+05
1.432080000000000000e+05
1.440460000000000000e+05
1.428290000000000000e+05
1.402360000000000000e+05
1.348710000000000000e+05
1.292170000000000000e+05
1.215390000000000000e+05
1.138160000000000000e+05
1.061270000000000000e+05
9.906400000000000000e+04
9.289900000000000000e+04
8.777100000000000000e+04
8.338100000000000000e+04
7.978300000000000000e+04
7.681400000000000000e+04
7.472500000000000000e+04
7.347200000000000000e+04
7.345600000000000000e+04
7.392300000000000000e+04
7.508200000000000000e+04
7.688100000000000000e+04
7.986800000000000000e+04
8.395400000000000000e+04
8.784500000000000000e+04
9.260800000000000000e+04
9.694200000000000000e+04
1.006280000000000000e+05
1.037660000000000000e+05
1.050610000000000000e+05
1.050800000000000000e+05
1.041650000000000000e+05
1.019000000000000000e+05
9.881600000000000000e+04
9.532400000000000000e+04
9.146200000000000000e+04
8.786200000000000000e+04
8.582400000000000000e+04
8.400600000000000000e+04
8.149400000000000000e+04
7.862500000000000000e+04
7.633100000000000000e+04
7.412100000000000000e+04
7.320200000000000000e+04
7.246500000000000000e+04
7.307200000000000000e+04
7.323000000000000000e+04
7.457100000000000000e+04
7.574400000000000000e+04
7.760400000000000000e+04
8.032100000000000000e+04
8.245400000000000000e+04
8.412400000000000000e+04
8.537300000000000000e+04
8.590900000000000000e+04
8.569500000000000000e+04
8.508400000000000000e+04
8.402100000000000000e+04
8.218500000000000000e+04
8.043800000000000000e+04
7.853100000000000000e+04
7.636000000000000000e+04
7.438700000000000000e+04
7.282300000000000000e+04
7.200400000000000000e+04
7.115900000000000000e+04
7.043300000000000000e+04
6.993000000000000000e+04
6.991700000000000000e+04
7.015300000000000000e+04
7.053800000000000000e+04
7.128000000000000000e+04
7.207700000000000000e+04
7.290200000000000000e+04
7.394300000000000000e+04
7.477400000000000000e+04
7.494200000000000000e+04
7.519400000000000000e+04
7.454800000000000000e+04
7.436000000000000000e+04
7.327500000000000000e+04
7.227000000000000000e+04
7.117100000000000000e+04
7.035500000000000000e+04
6.933200000000000000e+04
6.833300000000000000e+04
6.802600000000000000e+04
6.740100000000000000e+04
6.728300000000000000e+04
6.743500000000000000e+04
6.749500000000000000e+04
6.789100000000000000e+04
6.825900000000000000e+04
6.836100000000000000e+04
6.855100000000000000e+04
6.859500000000000000e+04
6.883700000000000000e+04
6.884800000000000000e+04
6.862300000000000000e+04
6.816100000000000000e+04
6.771500000000000000e+04
6.752700000000000000e+04
6.701900000000000000e+04
6.665700000000000000e+04
6.647600000000000000e+04
6.620400000000000000e+04
6.569300000000000000e+04
6.528000000000000000e+04
6.530700000000000000e+04
6.550000000000000000e+04
6.526800000000000000e+04
6.524900000000000000e+04
6.555600000000000000e+04
6.565600000000000000e+04
6.533500000000000000e+04
6.495900000000000000e+04
6.486200000000000000e+04
6.427400000000000000e+04
6.389000000000000000e+04
6.345600000000000000e+04
6.320600000000000000e+04
6.299300000000000000e+04
6.206800000000000000e+04
6.209300000000000000e+04
6.201300000000000000e+04
6.144800000000000000e+04
6.117500000000000000e+04
6.119100000000000000e+04
6.099000000000000000e+04
6.086500000000000000e+04
6.076400000000000000e+04
6.044300000000000000e+04
6.016700000000000000e+04
5.973500000000000000e+04
5.957300000000000000e+04
5.940700000000000000e+04
5.904800000000000000e+04
5.891700000000000000e+04
5.877400000000000000e+04
5.834900000000000000e+04
5.837300000000000000e+04
5.840900000000000000e+04
5.785200000000000000e+04
5.793800000000000000e+04
5.815800000000000000e+04
5.814700000000000000e+04
5.838100000000000000e+04
5.798300000000000000e+04
5.752700000000000000e+04
5.694800000000000000e+04
5.647500000000000000e+04
5.606200000000000000e+04
5.576100000000000000e+04
5.575900000000000000e+04
5.557300000000000000e+04
5.535100000000000000e+04
5.481100000000000000e+04
5.459800000000000000e+04
5.400300000000000000e+04
5.365400000000000000e+04
5.333400000000000000e+04
5.324300000000000000e+04
5.275000000000000000e+04
5.250900000000000000e+04
5.182800000000000000e+04
5.192400000000000000e+04
5.158300000000000000e+04
5.107700000000000000e+04
5.096800000000000000e+04
5.064100000000000000e+04
5.013700000000000000e+04
4.959800000000000000e+04
4.921200000000000000e+04
4.925900000000000000e+04
4.892300000000000000e+04
4.849900000000000000e+04
4.827400000000000000e+04
4.771200000000000000e+04
4.728800000000000000e+04
4.692500000000000000e+04
4.658400000000000000e+04
4.627000000000000000e+04
4.576000000000000000e+04
4.561600000000000000e+04
4.542000000000000000e+04
4.516000000000000000e+04
4.456400000000000000e+04
4.443900000000000000e+04
4.406300000000000000e+04
4.363700000000000000e+04
4.338400000000000000e+04
4.304800000000000000e+04
4.287000000000000000e+04
4.275000000000000000e+04
4.257700000000000000e+04
4.296100000000000000e+04
4.327500000000000000e+04
4.430300000000000000e+04
4.469700000000000000e+04
4.470900000000000000e+04
4.438400000000000000e+04
4.474300000000000000e+04
4.524800000000000000e+04
4.511100000000000000e+04
4.441200000000000000e+04
4.294500000000000000e+04
4.058100000000000000e+04
3.790700000000000000e+04
3.507100000000000000e+04
3.262000000000000000e+04
3.034900000000000000e+04
2.864100000000000000e+04
2.716900000000000000e+04
2.609200000000000000e+04
2.472800000000000000e+04
2.392800000000000000e+04
2.295500000000000000e+04
2.253900000000000000e+04
2.194200000000000000e+04
2.147200000000000000e+04
2.123000000000000000e+04
2.086400000000000000e+04
2.045300000000000000e+04
2.005000000000000000e+04
1.963800000000000000e+04
1.929900000000000000e+04
1.888600000000000000e+04
1.819700000000000000e+04
1.719600000000000000e+04
1.633600000000000000e+04
1.528700000000000000e+04
1.437600000000000000e+04
1.371800000000000000e+04
1.310900000000000000e+04
1.271300000000000000e+04
1.233700000000000000e+04
1.187900000000000000e+04
1.164400000000000000e+04
1.118900000000000000e+04
1.081400000000000000e+04
1.074200000000000000e+04
1.043900000000000000e+04
1.038000000000000000e+04
1.031300000000000000e+04
1.025300000000000000e+04
1.012700000000000000e+04
1.008000000000000000e+04
1.004800000000000000e+04
9.991000000000000000e+03
1.017700000000000000e+04
1.005800000000000000e+04
1.005900000000000000e+04
1.011000000000000000e+04
1.014000000000000000e+04
1.021000000000000000e+04
1.023000000000000000e+04
1.010500000000000000e+04
1.016700000000000000e+04
1.022200000000000000e+04
1.047100000000000000e+04
1.052200000000000000e+04
1.076700000000000000e+04
1.100600000000000000e+04
1.137900000000000000e+04
1.153000000000000000e+04
1.171200000000000000e+04
1.163700000000000000e+04
1.142100000000000000e+04
1.134600000000000000e+04
1.134900000000000000e+04
