1.304300000000000000e+04
1.297200000000000000e+04
1.296200000000000000e+04
1.307800000000000000e+04
1.315400000000000000e+04
1.327600000000000000e+04
1.322400000000000000e+04
1.324400000000000000e+04
1.330500000000000000e+04
1.329000000000000000e+04
1.345800000000000000e+04
1.344300000000000000e+04
1.348000000000000000e+04
1.345700000000000000e+04
1.356500000000000000e+04
1.349700000000000000e+04
1.358000000000000000e+04
1.353800000000000000e+04
1.357400000000000000e+04
1.361600000000000000e+04
1.350800000000000000e+04
1.349100000000000000e+04
1.361900000000000000e+04
1.358200000000000000e+04
1.365700000000000000e+04
1.379900000000000000e+04
1.422500000000000000e+04
1.456000000000000000e+04
1.493100000000000000e+04
1.558100000000000000e+04
1.633500000000000000e+04
1.725300000000000000e+04
1.798600000000000000e+04
1.906400000000000000e+04
2.016700000000000000e+04
2.146600000000000000e+04
2.298900000000000000e+04
2.435900000000000000e+04
2.554800000000000000e+04
2.624100000000000000e+04
2.684600000000000000e+04
2.739100000000000000e+04
2.781400000000000000e+04
2.864500000000000000e+04
2.922100000000000000e+04
3.036600000000000000e+04
3.174000000000000000e+04
3.332500000000000000e+04
3.582200000000000000e+04
3.876700000000000000e+04
4.270900000000000000e+04
4.730000000000000000e+04
5.294200000000000000e+04
5.893600000000000000e+04
6.564300000000000000e+04
7.313600000000000000e+04
8.160500000000000000e+04
9.152700000000000000e+04
1.030250000000000000e+05
1.163270000000000000e+05
1.316840000000000000e+05
1.482030000000000000e+05
1.663180000000000000e+05
1.844700000000000000e+05
2.032690000000000000e+05
2.221860000000000000e+05
2.406360000000000000e+05
2.582950000000000000e+05
2.763570000000000000e+05
2.930890000000000000e+05
3.105650000000000000e+05
3.260150000000000000e+05
3.410250000000000000e+05
3.546960000000000000e+05
3.669120000000000000e+05
3.782940000000000000e+05
3.878020000000000000e+05
3.949370000000000000e+05
4.011090000000000000e+05
4.042660000000000000e+05
4.061260000000000000e+05
4.058960000000000000e+05
4.032530000000000000e+05
3.986900000000000000e+05
3.921220000000000000e+05
3.838840000000000000e+05
3.738320000000000000e+05
3.621540000000000000e+05
3.489620000000000000e+05
3.342360000000000000e+05
3.179830000000000000e+05
2.999820000000000000e+05
2.819080000000000000e+05
2.634230000000000000e+05
2.432620000000000000e+05
2.243440000000000000e+05
2.043500000000000000e+05
1.856620000000000000e+05
1.681080000000000000e+05
1.516720000000000000e+05
1.371260000000000000e+05
1.236070000000000000e+05
1.113270000000000000e+05
1.007180000000000000e+05
9.140800000000000000e+04
8.367500000000000000e+04
7.643000000000000000e+04
7.132500000000000000e+04
6.673700000000000000e+04
6.328300000000000000e+04
6.043200000000000000e+04
5.865900000000000000e+04
5.738500000000000000e+04
5.649300000000000000e+04
5.609800000000000000e+04
5.623900000000000000e+04
5.647800000000000000e+04
5.719100000000000000e+04
5.814100000000000000e+04
5.911700000000000000e+04
6.089100000000000000e+04
6.301900000000000000e+04
6.582100000000000000e+04
6.910000000000000000e+04
7.373900000000000000e+04
7.945600000000000000e+04
8.656900000000000000e+04
9.549200000000000000e+04
1.056200000000000000e+05
1.180720000000000000e+05
1.322090000000000000e+05
1.483750000000000000e+05
1.670780000000000000e+05
1.878380000000000000e+05
2.104990000000000000e+05
2.348970000000000000e+05
2.595610000000000000e+05
2.862180000000000000e+05
3.121040000000000000e+05
3.383060000000000000e+05
3.624240000000000000e+05
3.866070000000000000e+05
4.089570000000000000e+05
4.285480000000000000e+05
4.467690000000000000e+05
4.632190000000000000e+05
4.777230000000000000e+05
4.891560000000000000e+05
4.985800000000000000e+05
5.056070000000000000e+05
5.093510000000000000e+05
5.115740000000000000e+05
5.112360000000000000e+05
5.083060000000000000e+05
5.020970000000000000e+05
4.935010000000000000e+05
4.828490000000000000e+05
4.693780000000000000e+05
4.531220000000000000e+05
4.347640000000000000e+05
4.137670000000000000e+05
3.906940000000000000e+05
3.655060000000000000e+05
3.399280000000000000e+05
3.125500000000000000e+05
2.848640000000000000e+05
2.567730000000000000e+05
2.291870000000000000e+05
2.034910000000000000e+05
1.797840000000000000e+05
1.587930000000000000e+05
1.408080000000000000e+05
1.250110000000000000e+05
1.120140000000000000e+05
1.016710000000000000e+05
9.281800000000000000e+04
8.625300000000000000e+04
8.106400000000000000e+04
7.690300000000000000e+04
7.438400000000000000e+04
7.210100000000000000e+04
7.089500000000000000e+04
7.031700000000000000e+04
7.025100000000000000e+04
7.082800000000000000e+04
7.208000000000000000e+04
7.419500000000000000e+04
7.729700000000000000e+04
8.170300000000000000e+04
8.740800000000000000e+04
9.501800000000000000e+04
1.051440000000000000e+05
1.173280000000000000e+05
1.322490000000000000e+05
1.496970000000000000e+05
1.700150000000000000e+05
1.919100000000000000e+05
2.159520000000000000e+05
2.409810000000000000e+05
2.659320000000000000e+05
2.913690000000000000e+05
3.150370000000000000e+05
3.379880000000000000e+05
3.582140000000000000e+05
3.764210000000000000e+05
3.925650000000000000e+05
4.062200000000000000e+05
4.165500000000000000e+05
4.255170000000000000e+05
4.309280000000000000e+05
4.341930000000000000e+05
4.339150000000000000e+05
4.312250000000000000e+05
4.251520000000000000e+05
4.163350000000000000e+05
4.042030000000000000e+05
3.894460000000000000e+05
3.716080000000000000e+05
3.512990000000000000e+05
3.289430000000000000e+05
3.046510000000000000e+05
2.784820000000000000e+05
2.515650000000000000e+05
2.261840000000000000e+05
2.001040000000000000e+05
1.764970000000000000e+05
1.547720000000000000e+05
1.365810000000000000e+05
1.205670000000000000e+05
1.074200000000000000e+05
9.626300000000000000e+04
8.817300000000000000e+04
8.201900000000000000e+04
7.746500000000000000e+04
7.420900000000000000e+04
7.184600000000000000e+04
7.040800000000000000e+04
6.982600000000000000e+04
6.972200000000000000e+04
7.058600000000000000e+04
7.231900000000000000e+04
7.518400000000000000e+04
7.950900000000000000e+04
8.572800000000000000e+04
9.416100000000000000e+04
1.047040000000000000e+05
1.179480000000000000e+05
1.339430000000000000e+05
1.529890000000000000e+05
1.731390000000000000e+05
1.947470000000000000e+05
2.166710000000000000e+05
2.389730000000000000e+05
2.595580000000000000e+05
2.783640000000000000e+05
2.959670000000000000e+05
3.106130000000000000e+05
3.224810000000000000e+05
3.309870000000000000e+05
3.363090000000000000e+05
3.373520000000000000e+05
3.355120000000000000e+05
3.293390000000000000e+05
3.206520000000000000e+05
3.079490000000000000e+05
2.930190000000000000e+05
2.741490000000000000e+05
2.534250000000000000e+05
2.306330000000000000e+05
2.077500000000000000e+05
1.851290000000000000e+05
1.634850000000000000e+05
1.439400000000000000e+05
1.263390000000000000e+05
1.120400000000000000e+05
1.011310000000000000e+05
9.217900000000000000e+04
8.525800000000000000e+04
7.985500000000000000e+04
7.594000000000000000e+04
7.300800000000000000e+04
7.040100000000000000e+04
6.930100000000000000e+04
6.837000000000000000e+04
6.832000000000000000e+04
6.866700000000000000e+04
7.038300000000000000e+04
7.344000000000000000e+04
7.775000000000000000e+04
8.382700000000000000e+04
9.191400000000000000e+04
1.017350000000000000e+05
1.141860000000000000e+05
1.286810000000000000e+05
1.438490000000000000e+05
1.598750000000000000e+05
1.753210000000000000e+05
1.897200000000000000e+05
2.025410000000000000e+05
2.132240000000000000e+05
2.210980000000000000e+05
2.264470000000000000e+05
2.291660000000000000e+05
2.281690000000000000e+05
2.231570000000000000e+05
2.148830000000000000e+05
2.030440000000000000e+05
1.891480000000000000e+05
1.740700000000000000e+05
1.582030000000000000e+05
1.425780000000000000e+05
1.276180000000000000e+05
1.140740000000000000e+05
1.021240000000000000e+05
9.247600000000000000e+04
8.422000000000000000e+04
7.796500000000000000e+04
7.328400000000000000e+04
6.994000000000000000e+04
6.757600000000000000e+04
6.557300000000000000e+04
6.429800000000000000e+04
6.373200000000000000e+04
6.326300000000000000e+04
6.358500000000000000e+04
6.453400000000000000e+04
6.633200000000000000e+04
6.964100000000000000e+04
7.387700000000000000e+04
7.971400000000000000e+04
8.650600000000000000e+04
9.362100000000000000e+04
1.013780000000000000e+05
1.093280000000000000e+05
1.165750000000000000e+05
1.231820000000000000e+05
1.281410000000000000e+05
1.317750000000000000e+05
1.331610000000000000e+05
1.326760000000000000e+05
1.301370000000000000e+05
1.256380000000000000e+05
1.191930000000000000e+05
1.119670000000000000e+05
1.045080000000000000e+05
9.698800000000000000e+04
8.978800000000000000e+04
8.318500000000000000e+04
7.740300000000000000e+04
7.307300000000000000e+04
6.929300000000000000e+04
6.635500000000000000e+04
6.417200000000000000e+04
6.234500000000000000e+04
6.091500000000000000e+04
6.041900000000000000e+04
6.061500000000000000e+04
6.164000000000000000e+04
6.231200000000000000e+04
6.297200000000000000e+04
6.428600000000000000e+04
6.597300000000000000e+04
6.751900000000000000e+04
7.033100000000000000e+04
7.327600000000000000e+04
7.662000000000000000e+04
8.009700000000000000e+04
8.358600000000000000e+04
8.623400000000000000e+04
8.758800000000000000e+04
8.827000000000000000e+04
8.760500000000000000e+04
8.581900000000000000e+04
8.338700000000000000e+04
8.019900000000000000e+04
7.672600000000000000e+04
7.321700000000000000e+04
7.002400000000000000e+04
6.658800000000000000e+04
6.454000000000000000e+04
6.276500000000000000e+04
6.098000000000000000e+04
5.940400000000000000e+04
5.841700000000000000e+04
5.706900000000000000e+04
5.651300000000000000e+04
5.606200000000000000e+04
5.619300000000000000e+04
5.642400000000000000e+04
5.717700000000000000e+04
5.825200000000000000e+04
5.935400000000000000e+04
6.115900000000000000e+04
6.296000000000000000e+04
6.504800000000000000e+04
6.732200000000000000e+04
6.881500000000000000e+04
7.004900000000000000e+04
7.072000000000000000e+04
7.002900000000000000e+04
6.908300000000000000e+04
6.784500000000000000e+04
6.613300000000000000e+04
6.429400000000000000e+04
6.281300000000000000e+04
6.140500000000000000e+04
6.065900000000000000e+04
6.078000000000000000e+04
6.076700000000000000e+04
6.030900000000000000e+04
5.920600000000000000e+04
5.835600000000000000e+04
5.764800000000000000e+04
5.746300000000000000e+04
5.727600000000000000e+04
5.808200000000000000e+04
5.837400000000000000e+04
5.881200000000000000e+04
5.984400000000000000e+04
6.054900000000000000e+04
6.209500000000000000e+04
6.293300000000000000e+04
6.337800000000000000e+04
6.320500000000000000e+04
6.294900000000000000e+04
6.212400000000000000e+04
6.136500000000000000e+04
6.070900000000000000e+04
5.996300000000000000e+04
5.908200000000000000e+04
5.833900000000000000e+04
5.763000000000000000e+04
5.704100000000000000e+04
5.659200000000000000e+04
5.653700000000000000e+04
5.614800000000000000e+04
5.636600000000000000e+04
5.595800000000000000e+04
5.621500000000000000e+04
5.656700000000000000e+04
5.687000000000000000e+04
5.716000000000000000e+04
5.786000000000000000e+04
5.815900000000000000e+04
5.869200000000000000e+04
5.873400000000000000e+04
5.866600000000000000e+04
5.830100000000000000e+04
5.793800000000000000e+04
5.728600000000000000e+04
5.670400000000000000e+04
5.586400000000000000e+04
5.538800000000000000e+04
5.512100000000000000e+04
5.480600000000000000e+04
5.477200000000000000e+04
5.447300000000000000e+04
5.436900000000000000e+04
5.440900000000000000e+04
5.455800000000000000e+04
5.467600000000000000e+04
5.485700000000000000e+04
5.521200000000000000e+04
5.525700000000000000e+04
5.521300000000000000e+04
5.499200000000000000e+04
5.487300000000000000e+04
5.489400000000000000e+04
5.467400000000000000e+04
5.454000000000000000e+04
5.423800000000000000e+04
5.400300000000000000e+04
5.360300000000000000e+04
5.353300000000000000e+04
5.345300000000000000e+04
5.342600000000000000e+04
5.324600000000000000e+04
5.314600000000000000e+04
5.324500000000000000e+04
5.338700000000000000e+04
5.299200000000000000e+04
5.312400000000000000e+04
5.322100000000000000e+04
5.310200000000000000e+04
5.291100000000000000e+04
5.278200000000000000e+04
5.244900000000000000e+04
5.201200000000000000e+04
5.192000000000000000e+04
5.150800000000000000e+04
5.157000000000000000e+04
5.125100000000000000e+04
5.090100000000000000e+04
5.068400000000000000e+04
5.063700000000000000e+04
5.037900000000000000e+04
5.034400000000000000e+04
5.006600000000000000e+04
5.014200000000000000e+04
4.988400000000000000e+04
4.981800000000000000e+04
4.954900000000000000e+04
4.930600000000000000e+04
4.935600000000000000e+04
4.913300000000000000e+04
4.896000000000000000e+04
4.870200000000000000e+04
4.845500000000000000e+04
4.850700000000000000e+04
4.844900000000000000e+04
4.818200000000000000e+04
4.828700000000000000e+04
4.803000000000000000e+04
4.779600000000000000e+04
4.768200000000000000e+04
4.792600000000000000e+04
4.772500000000000000e+04
4.750000000000000000e+04
4.689000000000000000e+04
4.660900000000000000e+04
4.598500000000000000e+04
4.584000000000000000e+04
4.540900000000000000e+04
4.571000000000000000e+04
4.510900000000000000e+04
4.515800000000000000e+04
4.470500000000000000e+04
4.446300000000000000e+04
4.396400000000000000e+04
4.378800000000000000e+04
4.336200000000000000e+04
4.318000000000000000e+04
4.283000000000000000e+04
4.269200000000000000e+04
4.241200000000000000e+04
4.215200000000000000e+04
4.201200000000000000e+04
4.174100000000000000e+04
4.143300000000000000e+04
4.136300000000000000e+04
4.083500000000000000e+04
4.055000000000000000e+04
4.019800000000000000e+04
4.028600000000000000e+04
3.995900000000000000e+04
3.984900000000000000e+04
3.961300000000000000e+04
3.917700000000000000e+04
3.890200000000000000e+04
3.854400000000000000e+04
3.831400000000000000e+04
3.798700000000000000e+04
3.786400000000000000e+04
3.754800000000000000e+04
3.715900000000000000e+04
3.717300000000000000e+04
3.670900000000000000e+04
3.649800000000000000e+04
3.613000000000000000e+04
3.583100000000000000e+04
3.553100000000000000e+04
3.530600000000000000e+04
3.515700000000000000e+04
3.497200000000000000e+04
3.497100000000000000e+04
3.500000000000000000e+04
3.549400000000000000e+04
3.586600000000000000e+04
3.620000000000000000e+04
3.585100000000000000e+04
3.566700000000000000e+04
3.587400000000000000e+04
3.562200000000000000e+04
3.583500000000000000e+04
3.511300000000000000e+04
3.434900000000000000e+04
3.249700000000000000e+04
3.065500000000000000e+04
2.858400000000000000e+04
2.681100000000000000e+04
2.529900000000000000e+04
2.402100000000000000e+04
2.294900000000000000e+04
2.194400000000000000e+04
2.122900000000000000e+04
2.044200000000000000e+04
1.973500000000000000e+04
1.936300000000000000e+04
1.893800000000000000e+04
1.847000000000000000e+04
1.820800000000000000e+04
1.783800000000000000e+04
1.738500000000000000e+04
1.721200000000000000e+04
1.697400000000000000e+04
1.668400000000000000e+04
1.626100000000000000e+04
1.579700000000000000e+04
1.517700000000000000e+04
1.435300000000000000e+04
1.385700000000000000e+04
1.314100000000000000e+04
1.256200000000000000e+04
1.220600000000000000e+04
1.180200000000000000e+04
1.156200000000000000e+04
1.116100000000000000e+04
1.098400000000000000e+04
1.052400000000000000e+04
1.046100000000000000e+04
1.015900000000000000e+04
1.007000000000000000e+04
1.001700000000000000e+04
9.917000000000000000e+03
9.846000000000000000e+03
9.849000000000000000e+03
9.776000000000000000e+03
9.734000000000000000e+03
9.652000000000000000e+03
9.601000000000000000e+03
9.672000000000000000e+03
9.760000000000000000e+03
9.643000000000000000e+03
9.815000000000000000e+03
9.827000000000000000e+03
9.904000000000000000e+03
9.772000000000000000e+03
9.848000000000000000e+03
9.907000000000000000e+03
1.006500000000000000e+04
1.018000000000000000e+04
1.026600000000000000e+04
1.047800000000000000e+04
1.085600000000000000e+04
1.090000000000000000e+04
1.091800000000000000e+04
1.100200000000000000e+04
1.094300000000000000e+04
1.071700000000000000e+04
1.066700000000000000e+04
