1.897100000000000000e+04
1.894800000000000000e+04
1.893200000000000000e+04
1.889400000000000000e+04
1.888000000000000000e+04
1.903500000000000000e+04
1.900100000000000000e+04
1.913300000000000000e+04
1.917500000000000000e+04
1.923700000000000000e+04
1.910800000000000000e+04
1.912400000000000000e+04
1.920400000000000000e+04
1.909300000000000000e+04
1.922300000000000000e+04
1.934300000000000000e+04
1.926500000000000000e+04
1.937200000000000000e+04
1.933200000000000000e+04
1.948200000000000000e+04
1.947700000000000000e+04
1.951600000000000000e+04
1.945900000000000000e+04
1.958700000000000000e+04
1.975600000000000000e+04
1.986400000000000000e+04
1.992500000000000000e+04
2.007900000000000000e+04
1.988800000000000000e+04
1.991400000000000000e+04
2.012000000000000000e+04
2.016800000000000000e+04
2.044800000000000000e+04
2.062400000000000000e+04
2.056100000000000000e+04
2.071600000000000000e+04
2.081800000000000000e+04
2.088200000000000000e+04
2.088300000000000000e+04
2.121500000000000000e+04
2.149500000000000000e+04
2.138500000000000000e+04
2.168900000000000000e+04
2.158400000000000000e+04
2.166500000000000000e+04
2.177200000000000000e+04
2.172100000000000000e+04
2.158200000000000000e+04
2.149500000000000000e+04
2.163100000000000000e+04
2.167900000000000000e+04
2.171000000000000000e+04
2.197400000000000000e+04
2.202200000000000000e+04
2.234100000000000000e+04
2.328200000000000000e+04
2.467700000000000000e+04
2.770700000000000000e+04
3.159900000000000000e+04
3.903600000000000000e+04
5.060300000000000000e+04
6.309200000000000000e+04
7.357700000000000000e+04
8.381700000000000000e+04
9.428800000000000000e+04
1.048540000000000000e+05
1.161790000000000000e+05
1.281500000000000000e+05
1.401740000000000000e+05
1.527330000000000000e+05
1.656800000000000000e+05
1.798170000000000000e+05
2.000040000000000000e+05
2.257690000000000000e+05
2.516840000000000000e+05
2.730230000000000000e+05
2.909700000000000000e+05
3.107860000000000000e+05
3.412140000000000000e+05
3.870330000000000000e+05
4.502430000000000000e+05
5.244500000000000000e+05
6.043090000000000000e+05
6.744890000000000000e+05
7.331390000000000000e+05
7.785860000000000000e+05
8.098460000000000000e+05
8.313570000000000000e+05
8.445910000000000000e+05
8.534930000000000000e+05
8.580780000000000000e+05
8.603890000000000000e+05
8.597410000000000000e+05
8.564410000000000000e+05
8.519660000000000000e+05
8.447320000000000000e+05
8.358850000000000000e+05
8.256170000000000000e+05
8.130540000000000000e+05
7.988700000000000000e+05
7.794520000000000000e+05
7.600970000000000000e+05
7.364700000000000000e+05
7.084850000000000000e+05
6.776550000000000000e+05
6.428220000000000000e+05
6.028350000000000000e+05
5.587460000000000000e+05
5.094280000000000000e+05
4.577200000000000000e+05
4.085090000000000000e+05
3.630570000000000000e+05
3.231300000000000000e+05
2.897500000000000000e+05
2.632970000000000000e+05
2.459030000000000000e+05
2.346830000000000000e+05
2.300240000000000000e+05
2.301380000000000000e+05
2.345660000000000000e+05
2.420280000000000000e+05
2.502040000000000000e+05
2.596880000000000000e+05
2.680840000000000000e+05
2.743430000000000000e+05
2.779060000000000000e+05
2.784380000000000000e+05
2.750680000000000000e+05
2.693350000000000000e+05
2.619750000000000000e+05
2.551470000000000000e+05
2.493750000000000000e+05
2.467380000000000000e+05
2.482440000000000000e+05
2.571620000000000000e+05
2.770780000000000000e+05
3.113730000000000000e+05
3.617580000000000000e+05
4.240270000000000000e+05
4.912280000000000000e+05
5.564370000000000000e+05
6.122030000000000000e+05
6.595690000000000000e+05
6.983030000000000000e+05
7.319170000000000000e+05
7.600100000000000000e+05
7.895290000000000000e+05
8.129950000000000000e+05
8.369700000000000000e+05
8.574100000000000000e+05
8.770110000000000000e+05
8.940070000000000000e+05
9.068610000000000000e+05
9.201020000000000000e+05
9.312330000000000000e+05
9.385010000000000000e+05
9.464400000000000000e+05
9.506520000000000000e+05
9.505530000000000000e+05
9.493990000000000000e+05
9.421550000000000000e+05
9.317060000000000000e+05
9.195350000000000000e+05
9.019170000000000000e+05
8.822700000000000000e+05
8.602190000000000000e+05
8.346860000000000000e+05
8.057600000000000000e+05
7.734790000000000000e+05
7.387700000000000000e+05
7.025810000000000000e+05
6.608780000000000000e+05
6.172300000000000000e+05
5.687920000000000000e+05
5.134670000000000000e+05
4.552000000000000000e+05
3.967910000000000000e+05
3.424760000000000000e+05
2.998140000000000000e+05
2.697720000000000000e+05
2.512780000000000000e+05
2.405630000000000000e+05
2.370100000000000000e+05
2.364200000000000000e+05
2.383200000000000000e+05
2.412260000000000000e+05
2.430080000000000000e+05
2.437560000000000000e+05
2.429880000000000000e+05
2.413060000000000000e+05
2.383090000000000000e+05
2.343530000000000000e+05
2.322790000000000000e+05
2.363520000000000000e+05
2.517460000000000000e+05
2.854740000000000000e+05
3.392030000000000000e+05
4.088480000000000000e+05
4.807600000000000000e+05
5.442130000000000000e+05
5.964810000000000000e+05
6.432730000000000000e+05
6.808330000000000000e+05
7.124990000000000000e+05
7.401920000000000000e+05
7.701390000000000000e+05
7.941910000000000000e+05
8.151510000000000000e+05
8.342080000000000000e+05
8.500800000000000000e+05
8.650250000000000000e+05
8.775150000000000000e+05
8.830620000000000000e+05
8.880590000000000000e+05
8.854890000000000000e+05
8.775500000000000000e+05
8.643670000000000000e+05
8.474890000000000000e+05
8.314720000000000000e+05
8.059700000000000000e+05
7.770140000000000000e+05
7.433390000000000000e+05
7.095690000000000000e+05
6.741510000000000000e+05
6.323760000000000000e+05
5.898410000000000000e+05
5.423310000000000000e+05
4.887250000000000000e+05
4.299150000000000000e+05
3.697930000000000000e+05
3.159300000000000000e+05
2.729910000000000000e+05
2.471020000000000000e+05
2.323430000000000000e+05
2.258030000000000000e+05
2.229950000000000000e+05
2.219750000000000000e+05
2.226240000000000000e+05
2.225190000000000000e+05
2.206360000000000000e+05
2.176580000000000000e+05
2.145580000000000000e+05
2.134440000000000000e+05
2.201410000000000000e+05
2.438080000000000000e+05
2.916440000000000000e+05
3.606970000000000000e+05
4.353070000000000000e+05
5.028170000000000000e+05
5.564260000000000000e+05
5.993930000000000000e+05
6.355790000000000000e+05
6.705770000000000000e+05
7.019290000000000000e+05
7.296300000000000000e+05
7.527160000000000000e+05
7.725140000000000000e+05
7.890040000000000000e+05
8.007470000000000000e+05
8.077490000000000000e+05
8.085840000000000000e+05
8.034180000000000000e+05
7.900900000000000000e+05
7.706930000000000000e+05
7.455420000000000000e+05
7.208270000000000000e+05
6.937470000000000000e+05
6.582850000000000000e+05
6.189810000000000000e+05
5.734510000000000000e+05
5.204500000000000000e+05
4.567320000000000000e+05
3.865240000000000000e+05
3.191440000000000000e+05
2.650560000000000000e+05
2.328200000000000000e+05
2.171990000000000000e+05
2.111100000000000000e+05
2.093070000000000000e+05
2.097210000000000000e+05
2.117440000000000000e+05
2.117820000000000000e+05
2.097390000000000000e+05
2.069140000000000000e+05
2.042630000000000000e+05
2.103040000000000000e+05
2.340010000000000000e+05
2.836230000000000000e+05
3.563180000000000000e+05
4.359750000000000000e+05
5.066470000000000000e+05
5.612820000000000000e+05
6.057590000000000000e+05
6.420760000000000000e+05
6.704440000000000000e+05
6.914170000000000000e+05
7.128850000000000000e+05
7.292840000000000000e+05
7.352420000000000000e+05
7.353550000000000000e+05
7.312490000000000000e+05
7.179210000000000000e+05
6.966850000000000000e+05
6.730030000000000000e+05
6.459580000000000000e+05
6.138070000000000000e+05
5.748460000000000000e+05
5.244890000000000000e+05
4.599840000000000000e+05
3.807610000000000000e+05
3.049050000000000000e+05
2.453720000000000000e+05
2.090390000000000000e+05
1.923100000000000000e+05
1.877710000000000000e+05
1.886960000000000000e+05
1.908000000000000000e+05
1.920040000000000000e+05
1.915290000000000000e+05
1.883420000000000000e+05
1.841420000000000000e+05
1.883850000000000000e+05
2.119030000000000000e+05
2.622800000000000000e+05
3.287060000000000000e+05
3.974200000000000000e+05
4.544820000000000000e+05
4.983260000000000000e+05
5.293090000000000000e+05
5.525400000000000000e+05
5.699510000000000000e+05
5.787980000000000000e+05
5.801820000000000000e+05
5.767070000000000000e+05
5.676040000000000000e+05
5.501490000000000000e+05
5.262620000000000000e+05
4.947100000000000000e+05
4.554980000000000000e+05
4.106050000000000000e+05
3.573290000000000000e+05
2.997780000000000000e+05
2.443170000000000000e+05
2.022870000000000000e+05
1.770570000000000000e+05
1.651680000000000000e+05
1.632930000000000000e+05
1.659770000000000000e+05
1.695750000000000000e+05
1.711290000000000000e+05
1.692820000000000000e+05
1.680060000000000000e+05
1.722450000000000000e+05
1.816160000000000000e+05
2.154800000000000000e+05
2.733820000000000000e+05
3.344020000000000000e+05
3.849590000000000000e+05
4.231380000000000000e+05
4.474140000000000000e+05
4.658690000000000000e+05
4.783290000000000000e+05
4.785820000000000000e+05
4.718950000000000000e+05
4.576700000000000000e+05
4.366900000000000000e+05
4.032310000000000000e+05
3.599540000000000000e+05
3.104810000000000000e+05
2.600450000000000000e+05
2.135890000000000000e+05
1.761250000000000000e+05
1.550080000000000000e+05
1.475990000000000000e+05
1.478420000000000000e+05
1.497780000000000000e+05
1.524850000000000000e+05
1.525070000000000000e+05
1.503490000000000000e+05
1.488820000000000000e+05
1.584490000000000000e+05
1.889130000000000000e+05
2.370180000000000000e+05
2.843910000000000000e+05
3.185730000000000000e+05
3.410310000000000000e+05
3.589100000000000000e+05
3.716360000000000000e+05
3.787530000000000000e+05
3.789180000000000000e+05
3.634660000000000000e+05
3.387820000000000000e+05
3.111140000000000000e+05
2.778310000000000000e+05
2.350350000000000000e+05
1.913740000000000000e+05
1.610940000000000000e+05
1.472120000000000000e+05
1.484180000000000000e+05
1.559160000000000000e+05
1.573290000000000000e+05
1.549100000000000000e+05
1.525990000000000000e+05
1.507830000000000000e+05
1.576580000000000000e+05
1.785860000000000000e+05
2.171190000000000000e+05
2.626620000000000000e+05
3.003790000000000000e+05
3.235430000000000000e+05
3.337760000000000000e+05
3.384070000000000000e+05
3.372890000000000000e+05
3.268990000000000000e+05
3.040090000000000000e+05
2.681350000000000000e+05
2.241240000000000000e+05
1.841730000000000000e+05
1.573760000000000000e+05
1.437280000000000000e+05
1.401660000000000000e+05
1.398840000000000000e+05
1.410240000000000000e+05
1.401410000000000000e+05
1.384830000000000000e+05
1.398370000000000000e+05
1.506070000000000000e+05
1.736820000000000000e+05
2.078540000000000000e+05
2.441250000000000000e+05
2.732360000000000000e+05
2.882850000000000000e+05
2.894640000000000000e+05
2.763180000000000000e+05
2.514960000000000000e+05
2.178060000000000000e+05
1.830770000000000000e+05
1.554870000000000000e+05
1.378360000000000000e+05
1.288190000000000000e+05
1.256060000000000000e+05
1.251150000000000000e+05
1.244050000000000000e+05
1.232240000000000000e+05
1.235500000000000000e+05
1.283490000000000000e+05
1.408630000000000000e+05
1.607280000000000000e+05
1.835970000000000000e+05
2.022730000000000000e+05
2.109120000000000000e+05
2.076600000000000000e+05
1.938150000000000000e+05
1.727270000000000000e+05
1.504890000000000000e+05
1.317770000000000000e+05
1.204150000000000000e+05
1.152590000000000000e+05
1.136590000000000000e+05
1.129820000000000000e+05
1.126160000000000000e+05
1.127320000000000000e+05
1.146570000000000000e+05
1.202690000000000000e+05
1.300550000000000000e+05
1.426620000000000000e+05
1.534530000000000000e+05
1.589290000000000000e+05
1.570040000000000000e+05
1.490810000000000000e+05
1.369650000000000000e+05
1.253830000000000000e+05
1.165130000000000000e+05
1.114520000000000000e+05
1.087540000000000000e+05
1.075440000000000000e+05
1.067020000000000000e+05
1.070130000000000000e+05
1.084280000000000000e+05
1.118310000000000000e+05
1.165660000000000000e+05
1.222050000000000000e+05
1.264070000000000000e+05
1.265890000000000000e+05
1.231570000000000000e+05
1.174650000000000000e+05
1.115290000000000000e+05
1.067750000000000000e+05
1.039570000000000000e+05
1.028120000000000000e+05
1.020830000000000000e+05
1.020560000000000000e+05
1.029350000000000000e+05
1.041970000000000000e+05
1.065300000000000000e+05
1.094600000000000000e+05
1.121230000000000000e+05
1.133020000000000000e+05
1.125350000000000000e+05
1.099640000000000000e+05
1.068510000000000000e+05
1.037220000000000000e+05
1.020130000000000000e+05
1.008790000000000000e+05
1.003490000000000000e+05
1.001720000000000000e+05
1.015510000000000000e+05
1.032690000000000000e+05
1.039390000000000000e+05
1.051640000000000000e+05
1.049750000000000000e+05
1.043210000000000000e+05
1.028830000000000000e+05
1.018100000000000000e+05
1.007630000000000000e+05
1.003340000000000000e+05
1.000410000000000000e+05
1.002460000000000000e+05
1.003240000000000000e+05
1.005710000000000000e+05
1.010370000000000000e+05
1.010410000000000000e+05
1.011860000000000000e+05
1.006390000000000000e+05
9.983100000000000000e+04
9.948100000000000000e+04
9.939300000000000000e+04
9.957700000000000000e+04
9.870000000000000000e+04
9.870100000000000000e+04
9.901300000000000000e+04
9.914000000000000000e+04
9.932200000000000000e+04
9.925900000000000000e+04
9.915900000000000000e+04
9.895800000000000000e+04
9.886600000000000000e+04
9.882700000000000000e+04
9.872800000000000000e+04
9.874900000000000000e+04
9.868800000000000000e+04
9.866100000000000000e+04
9.867200000000000000e+04
9.853000000000000000e+04
9.896000000000000000e+04
9.839800000000000000e+04
9.801600000000000000e+04
9.792000000000000000e+04
9.794900000000000000e+04
9.812000000000000000e+04
9.924900000000000000e+04
1.001460000000000000e+05
1.016230000000000000e+05
1.031180000000000000e+05
1.058080000000000000e+05
1.099510000000000000e+05
1.144130000000000000e+05
1.180900000000000000e+05
1.191850000000000000e+05
1.183070000000000000e+05
1.146950000000000000e+05
1.079810000000000000e+05
9.914300000000000000e+04
9.071800000000000000e+04
8.091900000000000000e+04
7.131000000000000000e+04
6.247500000000000000e+04
5.541000000000000000e+04
5.082300000000000000e+04
4.759300000000000000e+04
4.571200000000000000e+04
4.456800000000000000e+04
4.358500000000000000e+04
4.298500000000000000e+04
4.270100000000000000e+04
4.252400000000000000e+04
4.196700000000000000e+04
4.127600000000000000e+04
3.997200000000000000e+04
3.880500000000000000e+04
3.732300000000000000e+04
3.543400000000000000e+04
3.362900000000000000e+04
3.148800000000000000e+04
2.897100000000000000e+04
2.588900000000000000e+04
2.258600000000000000e+04
1.977500000000000000e+04
1.775100000000000000e+04
1.654100000000000000e+04
1.570900000000000000e+04
1.512300000000000000e+04
1.471100000000000000e+04
1.466100000000000000e+04
1.471500000000000000e+04
1.488800000000000000e+04
1.486700000000000000e+04
1.504700000000000000e+04
1.504300000000000000e+04
1.493000000000000000e+04
1.490500000000000000e+04
1.482200000000000000e+04
1.476200000000000000e+04
1.477400000000000000e+04
1.470200000000000000e+04
1.457300000000000000e+04
1.436800000000000000e+04
1.458900000000000000e+04
1.456100000000000000e+04
1.476400000000000000e+04
1.499900000000000000e+04
1.523300000000000000e+04
1.547300000000000000e+04
1.568100000000000000e+04
1.596500000000000000e+04
1.636500000000000000e+04
1.759300000000000000e+04
1.860700000000000000e+04
1.782000000000000000e+04
1.650700000000000000e+04
1.544000000000000000e+04
1.494000000000000000e+04
1.440700000000000000e+04
1.404600000000000000e+04
1.383700000000000000e+04
1.360600000000000000e+04
1.336900000000000000e+04
1.333800000000000000e+04
1.329300000000000000e+04
1.336000000000000000e+04
1.339500000000000000e+04
1.352800000000000000e+04
1.366800000000000000e+04
1.340600000000000000e+04
1.359500000000000000e+04
1.353700000000000000e+04
1.345200000000000000e+04
1.347200000000000000e+04
1.329200000000000000e+04
1.305600000000000000e+04
