1.126350000000000000e+05
1.107170000000000000e+05
1.094990000000000000e+05
1.086880000000000000e+05
1.097130000000000000e+05
1.172540000000000000e+05
1.340950000000000000e+05
1.576400000000000000e+05
1.792340000000000000e+05
1.890590000000000000e+05
1.892500000000000000e+05
1.887220000000000000e+05
1.960790000000000000e+05
2.165720000000000000e+05
2.533670000000000000e+05
2.982400000000000000e+05
3.409780000000000000e+05
3.859520000000000000e+05
4.279540000000000000e+05
4.644370000000000000e+05
4.952070000000000000e+05
5.201830000000000000e+05
5.416320000000000000e+05
5.593620000000000000e+05
5.716090000000000000e+05
5.826140000000000000e+05
5.914070000000000000e+05
5.990650000000000000e+05
6.048770000000000000e+05
6.105890000000000000e+05
6.140700000000000000e+05
6.163320000000000000e+05
6.205930000000000000e+05
6.244300000000000000e+05
6.302820000000000000e+05
6.355760000000000000e+05
6.402380000000000000e+05
6.446990000000000000e+05
6.491050000000000000e+05
6.525750000000000000e+05
6.572580000000000000e+05
6.609200000000000000e+05
6.624310000000000000e+05
6.644750000000000000e+05
6.666260000000000000e+05
6.674150000000000000e+05
6.693680000000000000e+05
6.677840000000000000e+05
6.633850000000000000e+05
6.592030000000000000e+05
6.562240000000000000e+05
6.531150000000000000e+05
6.508450000000000000e+05
6.492160000000000000e+05
6.429640000000000000e+05
6.380770000000000000e+05
6.314020000000000000e+05
6.241730000000000000e+05
6.181350000000000000e+05
6.134490000000000000e+05
6.067640000000000000e+05
5.989860000000000000e+05
5.901960000000000000e+05
5.787760000000000000e+05
5.648000000000000000e+05
5.493990000000000000e+05
5.289740000000000000e+05
5.053600000000000000e+05
4.774610000000000000e+05
4.487450000000000000e+05
4.211550000000000000e+05
3.996890000000000000e+05
3.859120000000000000e+05
3.801660000000000000e+05
3.803430000000000000e+05
3.848180000000000000e+05
3.928800000000000000e+05
4.022000000000000000e+05
4.112520000000000000e+05
4.206010000000000000e+05
4.273070000000000000e+05
4.347210000000000000e+05
4.412150000000000000e+05
4.468920000000000000e+05
4.520860000000000000e+05
4.562520000000000000e+05
4.610910000000000000e+05
4.648850000000000000e+05
4.689360000000000000e+05
4.729940000000000000e+05
4.779610000000000000e+05
4.835120000000000000e+05
4.899980000000000000e+05
4.961720000000000000e+05
5.036400000000000000e+05
5.099870000000000000e+05
5.158620000000000000e+05
5.239860000000000000e+05
5.306060000000000000e+05
5.387250000000000000e+05
5.452600000000000000e+05
5.516570000000000000e+05
5.589750000000000000e+05
5.677210000000000000e+05
5.757440000000000000e+05
5.823170000000000000e+05
5.890030000000000000e+05
5.959910000000000000e+05
6.018400000000000000e+05
6.109190000000000000e+05
6.180810000000000000e+05
6.234540000000000000e+05
6.292810000000000000e+05
6.348410000000000000e+05
6.399930000000000000e+05
6.464670000000000000e+05
6.516790000000000000e+05
6.538060000000000000e+05
6.558990000000000000e+05
6.565350000000000000e+05
6.557450000000000000e+05
6.532940000000000000e+05
6.504990000000000000e+05
6.457240000000000000e+05
6.405370000000000000e+05
6.344910000000000000e+05
6.276740000000000000e+05
6.203950000000000000e+05
6.124040000000000000e+05
6.042700000000000000e+05
5.960190000000000000e+05
5.871950000000000000e+05
5.763540000000000000e+05
5.670380000000000000e+05
5.579160000000000000e+05
5.471380000000000000e+05
5.341540000000000000e+05
5.220370000000000000e+05
5.086060000000000000e+05
4.952780000000000000e+05
4.797020000000000000e+05
4.637830000000000000e+05
4.466170000000000000e+05
4.306200000000000000e+05
4.180660000000000000e+05
4.099890000000000000e+05
4.071650000000000000e+05
4.083670000000000000e+05
4.132930000000000000e+05
4.193800000000000000e+05
4.266540000000000000e+05
4.334570000000000000e+05
4.398290000000000000e+05
4.458230000000000000e+05
4.517320000000000000e+05
4.581180000000000000e+05
4.636430000000000000e+05
4.699680000000000000e+05
4.760630000000000000e+05
4.820140000000000000e+05
4.879300000000000000e+05
4.933730000000000000e+05
4.981050000000000000e+05
5.027430000000000000e+05
5.067160000000000000e+05
5.096780000000000000e+05
5.135540000000000000e+05
5.178440000000000000e+05
5.224850000000000000e+05
5.280650000000000000e+05
5.331170000000000000e+05
5.389830000000000000e+05
5.443510000000000000e+05
5.501150000000000000e+05
5.560500000000000000e+05
5.606910000000000000e+05
5.642210000000000000e+05
5.664330000000000000e+05
5.677100000000000000e+05
5.692610000000000000e+05
5.700820000000000000e+05
5.708750000000000000e+05
5.713550000000000000e+05
5.702470000000000000e+05
5.686230000000000000e+05
5.666570000000000000e+05
5.627440000000000000e+05
5.577220000000000000e+05
5.513130000000000000e+05
5.441990000000000000e+05
5.357790000000000000e+05
5.261590000000000000e+05
5.162150000000000000e+05
5.057740000000000000e+05
4.942570000000000000e+05
4.828520000000000000e+05
4.721190000000000000e+05
4.597000000000000000e+05
4.466730000000000000e+05
4.346310000000000000e+05
4.223980000000000000e+05
4.115240000000000000e+05
4.027680000000000000e+05
3.980320000000000000e+05
3.950950000000000000e+05
3.960560000000000000e+05
3.993440000000000000e+05
4.029270000000000000e+05
4.076240000000000000e+05
4.121530000000000000e+05
4.159210000000000000e+05
4.206780000000000000e+05
4.254430000000000000e+05
4.315420000000000000e+05
4.371730000000000000e+05
4.432500000000000000e+05
4.496660000000000000e+05
4.561280000000000000e+05
4.627770000000000000e+05
4.692580000000000000e+05
4.763590000000000000e+05
4.834580000000000000e+05
4.907210000000000000e+05
4.976410000000000000e+05
5.032100000000000000e+05
5.083920000000000000e+05
5.130860000000000000e+05
5.167370000000000000e+05
5.190520000000000000e+05
5.219660000000000000e+05
5.238220000000000000e+05
5.245590000000000000e+05
5.244720000000000000e+05
5.241510000000000000e+05
5.236580000000000000e+05
5.227880000000000000e+05
5.213490000000000000e+05
5.195060000000000000e+05
5.171260000000000000e+05
5.121880000000000000e+05
5.060760000000000000e+05
4.984020000000000000e+05
4.880880000000000000e+05
4.761340000000000000e+05
4.610190000000000000e+05
4.436750000000000000e+05
4.259930000000000000e+05
4.096230000000000000e+05
3.954390000000000000e+05
3.859370000000000000e+05
3.819350000000000000e+05
3.825490000000000000e+05
3.876600000000000000e+05
3.947510000000000000e+05
4.028250000000000000e+05
4.100620000000000000e+05
4.164380000000000000e+05
4.207630000000000000e+05
4.253820000000000000e+05
4.285170000000000000e+05
4.338010000000000000e+05
4.398350000000000000e+05
4.474860000000000000e+05
4.569070000000000000e+05
4.675790000000000000e+05
4.786490000000000000e+05
4.905380000000000000e+05
5.018540000000000000e+05
5.129030000000000000e+05
5.227030000000000000e+05
5.303590000000000000e+05
5.370320000000000000e+05
5.419360000000000000e+05
5.459720000000000000e+05
5.500940000000000000e+05
5.543160000000000000e+05
5.577410000000000000e+05
5.595880000000000000e+05
5.614290000000000000e+05
5.619310000000000000e+05
5.603370000000000000e+05
5.568080000000000000e+05
5.520020000000000000e+05
5.455150000000000000e+05
5.373760000000000000e+05
5.267830000000000000e+05
5.131780000000000000e+05
4.955800000000000000e+05
4.744550000000000000e+05
4.498400000000000000e+05
4.241830000000000000e+05
3.986890000000000000e+05
3.784600000000000000e+05
3.643060000000000000e+05
3.560170000000000000e+05
3.541390000000000000e+05
3.561360000000000000e+05
3.599730000000000000e+05
3.667440000000000000e+05
3.745030000000000000e+05
3.823800000000000000e+05
3.932090000000000000e+05
4.053580000000000000e+05
4.187610000000000000e+05
4.327390000000000000e+05
4.463840000000000000e+05
4.587440000000000000e+05
4.697400000000000000e+05
4.793100000000000000e+05
4.891640000000000000e+05
4.981750000000000000e+05
5.065130000000000000e+05
5.135680000000000000e+05
5.193130000000000000e+05
5.230600000000000000e+05
5.248970000000000000e+05
5.252650000000000000e+05
5.249450000000000000e+05
5.230030000000000000e+05
5.208880000000000000e+05
5.176910000000000000e+05
5.133180000000000000e+05
5.074330000000000000e+05
5.007080000000000000e+05
4.927050000000000000e+05
4.817270000000000000e+05
4.668960000000000000e+05
4.495810000000000000e+05
4.277620000000000000e+05
4.034220000000000000e+05
3.802690000000000000e+05
3.620380000000000000e+05
3.515900000000000000e+05
3.498440000000000000e+05
3.565200000000000000e+05
3.686660000000000000e+05
3.848540000000000000e+05
4.010140000000000000e+05
4.174260000000000000e+05
4.324290000000000000e+05
4.463400000000000000e+05
4.599510000000000000e+05
4.721650000000000000e+05
4.833330000000000000e+05
4.917300000000000000e+05
4.993950000000000000e+05
5.062380000000000000e+05
5.116010000000000000e+05
5.154240000000000000e+05
5.183800000000000000e+05
5.197420000000000000e+05
5.195190000000000000e+05
5.179040000000000000e+05
5.139330000000000000e+05
5.080450000000000000e+05
5.009960000000000000e+05
4.904500000000000000e+05
4.766340000000000000e+05
4.595450000000000000e+05
4.381600000000000000e+05
4.125380000000000000e+05
3.856570000000000000e+05
3.601920000000000000e+05
3.409950000000000000e+05
3.306720000000000000e+05
3.308120000000000000e+05
3.410650000000000000e+05
3.588200000000000000e+05
3.807650000000000000e+05
4.031310000000000000e+05
4.261970000000000000e+05
4.468290000000000000e+05
4.629580000000000000e+05
4.749050000000000000e+05
4.823860000000000000e+05
4.860740000000000000e+05
4.865970000000000000e+05
4.858560000000000000e+05
4.858360000000000000e+05
4.827720000000000000e+05
4.783080000000000000e+05
4.707860000000000000e+05
4.590700000000000000e+05
4.444470000000000000e+05
4.255910000000000000e+05
4.035460000000000000e+05
3.787680000000000000e+05
3.541170000000000000e+05
3.308690000000000000e+05
3.111140000000000000e+05
2.945440000000000000e+05
2.829140000000000000e+05
2.763630000000000000e+05
2.771610000000000000e+05
2.845890000000000000e+05
2.985750000000000000e+05
3.180440000000000000e+05
3.397030000000000000e+05
3.616610000000000000e+05
3.809740000000000000e+05
3.967220000000000000e+05
4.092270000000000000e+05
4.163170000000000000e+05
4.200190000000000000e+05
4.187920000000000000e+05
4.118870000000000000e+05
4.000480000000000000e+05
3.828500000000000000e+05
3.630990000000000000e+05
3.397560000000000000e+05
3.156630000000000000e+05
2.922560000000000000e+05
2.710170000000000000e+05
2.538560000000000000e+05
2.405310000000000000e+05
2.316550000000000000e+05
2.267360000000000000e+05
2.266870000000000000e+05
2.289230000000000000e+05
2.340350000000000000e+05
2.414010000000000000e+05
2.520540000000000000e+05
2.638770000000000000e+05
2.776010000000000000e+05
2.914280000000000000e+05
3.063090000000000000e+05
3.175760000000000000e+05
3.248010000000000000e+05
3.267890000000000000e+05
3.245440000000000000e+05
3.172900000000000000e+05
3.055080000000000000e+05
2.900480000000000000e+05
2.734430000000000000e+05
2.573450000000000000e+05
2.416110000000000000e+05
2.283920000000000000e+05
2.187120000000000000e+05
2.112690000000000000e+05
2.071350000000000000e+05
2.059750000000000000e+05
2.069480000000000000e+05
2.100200000000000000e+05
2.146820000000000000e+05
2.214460000000000000e+05
2.294020000000000000e+05
2.378760000000000000e+05
2.469820000000000000e+05
2.536990000000000000e+05
2.589130000000000000e+05
2.608960000000000000e+05
2.601970000000000000e+05
2.567880000000000000e+05
2.506020000000000000e+05
2.423080000000000000e+05
2.324190000000000000e+05
2.230350000000000000e+05
2.141420000000000000e+05
2.068470000000000000e+05
2.004840000000000000e+05
1.979940000000000000e+05
1.974760000000000000e+05
1.988280000000000000e+05
2.022690000000000000e+05
2.072300000000000000e+05
2.131970000000000000e+05
2.198280000000000000e+05
2.260410000000000000e+05
2.298700000000000000e+05
2.328400000000000000e+05
2.335790000000000000e+05
2.307020000000000000e+05
2.253170000000000000e+05
2.191000000000000000e+05
2.113210000000000000e+05
2.041650000000000000e+05
1.965190000000000000e+05
1.912950000000000000e+05
1.874840000000000000e+05
1.857740000000000000e+05
1.862100000000000000e+05
1.876340000000000000e+05
1.901320000000000000e+05
1.939190000000000000e+05
1.978720000000000000e+05
2.019660000000000000e+05
2.044950000000000000e+05
2.060690000000000000e+05
2.044790000000000000e+05
2.006320000000000000e+05
1.961310000000000000e+05
1.903380000000000000e+05
1.853310000000000000e+05
1.805030000000000000e+05
1.776690000000000000e+05
1.749560000000000000e+05
1.742860000000000000e+05
1.748800000000000000e+05
1.758120000000000000e+05
1.774330000000000000e+05
1.800160000000000000e+05
1.828450000000000000e+05
1.851820000000000000e+05
1.870300000000000000e+05
1.878340000000000000e+05
1.880030000000000000e+05
1.851910000000000000e+05
1.799860000000000000e+05
1.736690000000000000e+05
1.695080000000000000e+05
1.668310000000000000e+05
1.653320000000000000e+05
1.651300000000000000e+05
1.664020000000000000e+05
1.689440000000000000e+05
1.714750000000000000e+05
1.714760000000000000e+05
1.711730000000000000e+05
1.709810000000000000e+05
1.700840000000000000e+05
1.689340000000000000e+05
1.667600000000000000e+05
1.647920000000000000e+05
1.637610000000000000e+05
1.620350000000000000e+05
1.604750000000000000e+05
1.598440000000000000e+05
1.598150000000000000e+05
1.597580000000000000e+05
1.604790000000000000e+05
1.604400000000000000e+05
1.607300000000000000e+05
1.600870000000000000e+05
1.588180000000000000e+05
1.581200000000000000e+05
1.573870000000000000e+05
1.568450000000000000e+05
1.573330000000000000e+05
1.565930000000000000e+05
1.547280000000000000e+05
1.532650000000000000e+05
1.524240000000000000e+05
1.522190000000000000e+05
1.520920000000000000e+05
1.520210000000000000e+05
1.524180000000000000e+05
1.522120000000000000e+05
1.511780000000000000e+05
1.507200000000000000e+05
1.500100000000000000e+05
1.488450000000000000e+05
1.479680000000000000e+05
1.480350000000000000e+05
1.473810000000000000e+05
1.465580000000000000e+05
1.459320000000000000e+05
1.453700000000000000e+05
1.448200000000000000e+05
1.445810000000000000e+05
1.443240000000000000e+05
1.436790000000000000e+05
1.440250000000000000e+05
1.447370000000000000e+05
1.455960000000000000e+05
1.459870000000000000e+05
1.467280000000000000e+05
1.461540000000000000e+05
1.441320000000000000e+05
1.416040000000000000e+05
1.377740000000000000e+05
1.334760000000000000e+05
1.273120000000000000e+05
1.185520000000000000e+05
1.084010000000000000e+05
9.756800000000000000e+04
8.704400000000000000e+04
7.492000000000000000e+04
6.380600000000000000e+04
5.570300000000000000e+04
5.080600000000000000e+04
4.988900000000000000e+04
5.057200000000000000e+04
5.094500000000000000e+04
5.045500000000000000e+04
4.892400000000000000e+04
4.819100000000000000e+04
4.792800000000000000e+04
4.805200000000000000e+04
4.747300000000000000e+04
4.624200000000000000e+04
4.507000000000000000e+04
4.428800000000000000e+04
4.295900000000000000e+04
4.136400000000000000e+04
4.000400000000000000e+04
3.850400000000000000e+04
3.678800000000000000e+04
3.441100000000000000e+04
3.085300000000000000e+04
2.530400000000000000e+04
2.059000000000000000e+04
1.776600000000000000e+04
1.612300000000000000e+04
1.509000000000000000e+04
1.454800000000000000e+04
1.424400000000000000e+04
1.412100000000000000e+04
1.354400000000000000e+04
1.310600000000000000e+04
1.290100000000000000e+04
1.277100000000000000e+04
1.258700000000000000e+04
1.257900000000000000e+04
1.263500000000000000e+04
1.265600000000000000e+04
1.247300000000000000e+04
1.243300000000000000e+04
1.229100000000000000e+04
1.225900000000000000e+04
1.238400000000000000e+04
1.251300000000000000e+04
1.257700000000000000e+04
1.254700000000000000e+04
1.255300000000000000e+04
1.265100000000000000e+04
1.276900000000000000e+04
1.270000000000000000e+04
1.256500000000000000e+04
1.286600000000000000e+04
1.318500000000000000e+04
1.360300000000000000e+04
1.376000000000000000e+04
1.391900000000000000e+04
1.416300000000000000e+04
1.427800000000000000e+04
1.449000000000000000e+04
1.496700000000000000e+04
1.701100000000000000e+04
1.965800000000000000e+04
1.829300000000000000e+04
