1.402800000000000000e+04
1.399300000000000000e+04
1.391600000000000000e+04
1.410300000000000000e+04
1.420600000000000000e+04
1.428000000000000000e+04
1.429200000000000000e+04
1.437600000000000000e+04
1.438300000000000000e+04
1.425100000000000000e+04
1.452600000000000000e+04
1.458600000000000000e+04
1.456100000000000000e+04
1.457800000000000000e+04
1.468700000000000000e+04
1.472300000000000000e+04
1.472600000000000000e+04
1.462900000000000000e+04
1.479500000000000000e+04
1.478200000000000000e+04
1.474700000000000000e+04
1.448000000000000000e+04
1.456400000000000000e+04
1.473700000000000000e+04
1.490300000000000000e+04
1.532000000000000000e+04
1.588200000000000000e+04
1.632800000000000000e+04
1.723900000000000000e+04
1.830600000000000000e+04
1.918900000000000000e+04
2.052000000000000000e+04
2.173300000000000000e+04
2.341700000000000000e+04
2.536300000000000000e+04
2.794700000000000000e+04
3.053700000000000000e+04
3.252000000000000000e+04
3.403000000000000000e+04
3.515900000000000000e+04
3.660700000000000000e+04
3.779500000000000000e+04
3.983500000000000000e+04
4.219500000000000000e+04
4.438000000000000000e+04
4.722100000000000000e+04
5.035300000000000000e+04
5.450300000000000000e+04
5.946900000000000000e+04
6.605300000000000000e+04
7.379800000000000000e+04
8.220400000000000000e+04
9.188400000000000000e+04
1.010920000000000000e+05
1.105760000000000000e+05
1.203740000000000000e+05
1.315980000000000000e+05
1.428450000000000000e+05
1.555920000000000000e+05
1.668700000000000000e+05
1.771340000000000000e+05
1.843990000000000000e+05
1.882630000000000000e+05
1.886530000000000000e+05
1.853550000000000000e+05
1.798390000000000000e+05
1.731720000000000000e+05
1.663120000000000000e+05
1.596900000000000000e+05
1.538220000000000000e+05
1.492180000000000000e+05
1.462920000000000000e+05
1.440640000000000000e+05
1.419870000000000000e+05
1.403380000000000000e+05
1.380920000000000000e+05
1.359110000000000000e+05
1.341390000000000000e+05
1.327440000000000000e+05
1.318510000000000000e+05
1.310980000000000000e+05
1.303880000000000000e+05
1.297170000000000000e+05
1.293450000000000000e+05
1.290940000000000000e+05
1.297880000000000000e+05
1.312020000000000000e+05
1.336640000000000000e+05
1.355180000000000000e+05
1.363610000000000000e+05
1.361940000000000000e+05
1.357240000000000000e+05
1.367950000000000000e+05
1.391660000000000000e+05
1.415460000000000000e+05
1.436220000000000000e+05
1.433590000000000000e+05
1.435360000000000000e+05
1.448630000000000000e+05
1.470240000000000000e+05
1.501880000000000000e+05
1.522310000000000000e+05
1.529630000000000000e+05
1.536570000000000000e+05
1.560080000000000000e+05
1.599640000000000000e+05
1.649930000000000000e+05
1.697930000000000000e+05
1.731230000000000000e+05
1.759320000000000000e+05
1.785800000000000000e+05
1.819190000000000000e+05
1.855130000000000000e+05
1.895980000000000000e+05
1.936890000000000000e+05
1.986210000000000000e+05
2.042820000000000000e+05
2.091920000000000000e+05
2.156990000000000000e+05
2.237790000000000000e+05
2.347380000000000000e+05
2.478480000000000000e+05
2.630440000000000000e+05
2.790160000000000000e+05
2.960370000000000000e+05
3.152290000000000000e+05
3.346360000000000000e+05
3.542340000000000000e+05
3.720420000000000000e+05
3.887730000000000000e+05
4.076980000000000000e+05
4.271610000000000000e+05
4.453540000000000000e+05
4.611300000000000000e+05
4.706050000000000000e+05
4.728750000000000000e+05
4.672900000000000000e+05
4.556080000000000000e+05
4.378610000000000000e+05
4.156920000000000000e+05
3.925240000000000000e+05
3.725600000000000000e+05
3.557220000000000000e+05
3.436070000000000000e+05
3.323390000000000000e+05
3.216210000000000000e+05
3.107970000000000000e+05
3.015470000000000000e+05
2.941250000000000000e+05
2.877390000000000000e+05
2.826700000000000000e+05
2.777140000000000000e+05
2.733640000000000000e+05
2.704370000000000000e+05
2.675090000000000000e+05
2.645600000000000000e+05
2.617620000000000000e+05
2.576350000000000000e+05
2.536290000000000000e+05
2.492390000000000000e+05
2.461720000000000000e+05
2.449290000000000000e+05
2.425720000000000000e+05
2.393630000000000000e+05
2.344890000000000000e+05
2.315800000000000000e+05
2.304300000000000000e+05
2.289530000000000000e+05
2.251960000000000000e+05
2.220370000000000000e+05
2.218980000000000000e+05
2.258620000000000000e+05
2.310030000000000000e+05
2.353820000000000000e+05
2.387360000000000000e+05
2.429910000000000000e+05
2.478600000000000000e+05
2.553980000000000000e+05
2.643370000000000000e+05
2.744100000000000000e+05
2.848450000000000000e+05
2.962470000000000000e+05
3.088010000000000000e+05
3.221010000000000000e+05
3.357720000000000000e+05
3.494320000000000000e+05
3.634740000000000000e+05
3.781540000000000000e+05
3.933810000000000000e+05
4.086490000000000000e+05
4.242560000000000000e+05
4.415720000000000000e+05
4.579470000000000000e+05
4.748430000000000000e+05
4.897780000000000000e+05
4.999580000000000000e+05
5.011870000000000000e+05
4.938700000000000000e+05
4.781350000000000000e+05
4.601070000000000000e+05
4.414710000000000000e+05
4.258040000000000000e+05
4.107760000000000000e+05
3.988250000000000000e+05
3.856240000000000000e+05
3.711810000000000000e+05
3.548330000000000000e+05
3.383710000000000000e+05
3.228310000000000000e+05
3.066680000000000000e+05
2.939240000000000000e+05
2.826900000000000000e+05
2.723660000000000000e+05
2.614050000000000000e+05
2.519960000000000000e+05
2.447400000000000000e+05
2.400810000000000000e+05
2.361820000000000000e+05
2.330150000000000000e+05
2.315890000000000000e+05
2.321550000000000000e+05
2.337030000000000000e+05
2.347650000000000000e+05
2.339270000000000000e+05
2.342890000000000000e+05
2.375920000000000000e+05
2.423760000000000000e+05
2.491740000000000000e+05
2.545710000000000000e+05
2.600210000000000000e+05
2.670140000000000000e+05
2.732450000000000000e+05
2.773860000000000000e+05
2.810790000000000000e+05
2.842630000000000000e+05
2.880080000000000000e+05
2.903450000000000000e+05
2.944320000000000000e+05
3.003550000000000000e+05
3.063940000000000000e+05
3.166790000000000000e+05
3.303950000000000000e+05
3.511520000000000000e+05
3.781410000000000000e+05
4.079500000000000000e+05
4.356050000000000000e+05
4.525450000000000000e+05
4.520860000000000000e+05
4.375620000000000000e+05
4.150930000000000000e+05
3.911850000000000000e+05
3.703320000000000000e+05
3.549320000000000000e+05
3.426590000000000000e+05
3.302730000000000000e+05
3.172670000000000000e+05
3.036530000000000000e+05
2.907460000000000000e+05
2.786560000000000000e+05
2.675430000000000000e+05
2.579820000000000000e+05
2.491060000000000000e+05
2.427320000000000000e+05
2.378910000000000000e+05
2.350470000000000000e+05
2.326860000000000000e+05
2.321260000000000000e+05
2.344870000000000000e+05
2.362590000000000000e+05
2.379500000000000000e+05
2.399710000000000000e+05
2.428160000000000000e+05
2.471010000000000000e+05
2.525550000000000000e+05
2.610830000000000000e+05
2.710630000000000000e+05
2.812760000000000000e+05
2.902000000000000000e+05
2.986800000000000000e+05
3.060690000000000000e+05
3.125370000000000000e+05
3.188980000000000000e+05
3.257770000000000000e+05
3.331210000000000000e+05
3.431530000000000000e+05
3.578050000000000000e+05
3.793790000000000000e+05
4.049060000000000000e+05
4.274950000000000000e+05
4.398570000000000000e+05
4.366500000000000000e+05
4.180820000000000000e+05
3.942530000000000000e+05
3.712900000000000000e+05
3.531900000000000000e+05
3.374670000000000000e+05
3.230490000000000000e+05
3.087790000000000000e+05
2.943130000000000000e+05
2.798140000000000000e+05
2.668000000000000000e+05
2.562660000000000000e+05
2.489020000000000000e+05
2.434010000000000000e+05
2.402690000000000000e+05
2.385900000000000000e+05
2.385300000000000000e+05
2.391870000000000000e+05
2.392600000000000000e+05
2.385580000000000000e+05
2.366990000000000000e+05
2.338230000000000000e+05
2.319230000000000000e+05
2.323260000000000000e+05
2.363490000000000000e+05
2.418480000000000000e+05
2.488880000000000000e+05
2.544140000000000000e+05
2.600220000000000000e+05
2.658660000000000000e+05
2.736250000000000000e+05
2.815090000000000000e+05
2.921800000000000000e+05
3.076710000000000000e+05
3.275070000000000000e+05
3.459360000000000000e+05
3.532340000000000000e+05
3.472950000000000000e+05
3.297060000000000000e+05
3.061190000000000000e+05
2.840430000000000000e+05
2.667570000000000000e+05
2.526550000000000000e+05
2.418250000000000000e+05
2.325890000000000000e+05
2.237770000000000000e+05
2.156470000000000000e+05
2.100310000000000000e+05
2.053470000000000000e+05
2.025030000000000000e+05
2.015500000000000000e+05
2.011710000000000000e+05
2.011080000000000000e+05
2.014850000000000000e+05
2.013800000000000000e+05
2.023590000000000000e+05
2.036510000000000000e+05
2.061230000000000000e+05
2.111920000000000000e+05
2.174500000000000000e+05
2.248250000000000000e+05
2.321030000000000000e+05
2.401880000000000000e+05
2.494140000000000000e+05
2.588940000000000000e+05
2.700790000000000000e+05
2.861170000000000000e+05
3.012240000000000000e+05
3.088310000000000000e+05
3.029150000000000000e+05
2.873360000000000000e+05
2.679340000000000000e+05
2.469320000000000000e+05
2.297110000000000000e+05
2.149520000000000000e+05
2.042910000000000000e+05
1.965570000000000000e+05
1.901010000000000000e+05
1.851300000000000000e+05
1.797750000000000000e+05
1.761950000000000000e+05
1.740790000000000000e+05
1.731390000000000000e+05
1.725990000000000000e+05
1.730850000000000000e+05
1.741280000000000000e+05
1.745910000000000000e+05
1.760780000000000000e+05
1.785890000000000000e+05
1.829970000000000000e+05
1.878720000000000000e+05
1.932200000000000000e+05
1.997990000000000000e+05
2.068310000000000000e+05
2.165320000000000000e+05
2.278510000000000000e+05
2.352040000000000000e+05
2.334270000000000000e+05
2.237030000000000000e+05
2.108640000000000000e+05
1.987240000000000000e+05
1.878190000000000000e+05
1.781760000000000000e+05
1.712390000000000000e+05
1.666850000000000000e+05
1.637690000000000000e+05
1.622580000000000000e+05
1.615720000000000000e+05
1.602580000000000000e+05
1.578670000000000000e+05
1.559540000000000000e+05
1.547950000000000000e+05
1.546090000000000000e+05
1.547900000000000000e+05
1.558930000000000000e+05
1.578530000000000000e+05
1.614180000000000000e+05
1.661530000000000000e+05
1.721870000000000000e+05
1.769740000000000000e+05
1.820960000000000000e+05
1.851150000000000000e+05
1.841870000000000000e+05
1.787350000000000000e+05
1.718820000000000000e+05
1.666690000000000000e+05
1.614410000000000000e+05
1.560460000000000000e+05
1.518880000000000000e+05
1.496630000000000000e+05
1.486050000000000000e+05
1.476840000000000000e+05
1.455730000000000000e+05
1.435040000000000000e+05
1.418520000000000000e+05
1.406810000000000000e+05
1.403320000000000000e+05
1.404910000000000000e+05
1.418210000000000000e+05
1.426300000000000000e+05
1.426830000000000000e+05
1.435680000000000000e+05
1.446810000000000000e+05
1.460990000000000000e+05
1.468910000000000000e+05
1.452510000000000000e+05
1.428910000000000000e+05
1.398110000000000000e+05
1.376000000000000000e+05
1.353370000000000000e+05
1.327260000000000000e+05
1.306560000000000000e+05
1.289720000000000000e+05
1.284960000000000000e+05
1.280000000000000000e+05
1.280120000000000000e+05
1.275560000000000000e+05
1.278330000000000000e+05
1.273670000000000000e+05
1.278170000000000000e+05
1.276290000000000000e+05
1.275640000000000000e+05
1.270190000000000000e+05
1.270030000000000000e+05
1.270040000000000000e+05
1.262420000000000000e+05
1.255950000000000000e+05
1.241410000000000000e+05
1.227960000000000000e+05
1.221210000000000000e+05
1.210500000000000000e+05
1.202250000000000000e+05
1.196590000000000000e+05
1.184810000000000000e+05
1.179660000000000000e+05
1.176420000000000000e+05
1.173310000000000000e+05
1.170530000000000000e+05
1.170570000000000000e+05
1.168760000000000000e+05
1.162510000000000000e+05
1.157640000000000000e+05
1.157410000000000000e+05
1.155670000000000000e+05
1.154120000000000000e+05
1.150300000000000000e+05
1.144870000000000000e+05
1.138070000000000000e+05
1.133140000000000000e+05
1.135080000000000000e+05
1.127580000000000000e+05
1.129190000000000000e+05
1.135470000000000000e+05
1.132590000000000000e+05
1.126540000000000000e+05
1.118440000000000000e+05
1.107510000000000000e+05
1.094950000000000000e+05
1.091210000000000000e+05
1.081840000000000000e+05
1.077520000000000000e+05
1.071490000000000000e+05
1.071460000000000000e+05
1.069640000000000000e+05
1.066310000000000000e+05
1.059540000000000000e+05
1.053960000000000000e+05
1.054140000000000000e+05
1.052540000000000000e+05
1.057490000000000000e+05
1.051920000000000000e+05
1.043900000000000000e+05
1.035450000000000000e+05
1.028170000000000000e+05
1.018910000000000000e+05
1.011770000000000000e+05
1.007330000000000000e+05
1.003490000000000000e+05
9.992800000000000000e+04
9.947900000000000000e+04
9.944600000000000000e+04
9.959600000000000000e+04
9.920400000000000000e+04
9.956900000000000000e+04
1.005080000000000000e+05
1.014300000000000000e+05
1.010460000000000000e+05
1.002180000000000000e+05
9.893700000000000000e+04
9.725100000000000000e+04
9.592900000000000000e+04
9.468100000000000000e+04
9.415900000000000000e+04
9.406400000000000000e+04
9.391800000000000000e+04
9.350000000000000000e+04
9.249200000000000000e+04
9.124700000000000000e+04
9.008300000000000000e+04
8.947800000000000000e+04
8.835100000000000000e+04
8.773200000000000000e+04
8.709200000000000000e+04
8.650600000000000000e+04
8.613300000000000000e+04
8.548900000000000000e+04
8.511000000000000000e+04
8.478800000000000000e+04
8.454700000000000000e+04
8.430300000000000000e+04
8.396300000000000000e+04
8.269400000000000000e+04
8.196400000000000000e+04
8.199300000000000000e+04
8.199900000000000000e+04
8.178300000000000000e+04
8.104500000000000000e+04
7.992000000000000000e+04
7.875400000000000000e+04
7.758300000000000000e+04
7.656700000000000000e+04
7.575800000000000000e+04
7.472100000000000000e+04
7.414200000000000000e+04
7.339700000000000000e+04
7.271500000000000000e+04
7.184600000000000000e+04
7.113300000000000000e+04
7.069300000000000000e+04
6.988200000000000000e+04
6.967300000000000000e+04
6.871900000000000000e+04
6.827700000000000000e+04
6.822600000000000000e+04
6.821900000000000000e+04
6.857300000000000000e+04
6.899500000000000000e+04
6.881300000000000000e+04
6.822200000000000000e+04
6.720800000000000000e+04
6.596600000000000000e+04
6.491200000000000000e+04
6.345500000000000000e+04
6.191400000000000000e+04
5.954500000000000000e+04
5.691700000000000000e+04
5.283200000000000000e+04
4.895700000000000000e+04
4.448200000000000000e+04
4.068100000000000000e+04
3.742200000000000000e+04
3.472800000000000000e+04
3.269100000000000000e+04
3.107100000000000000e+04
2.950800000000000000e+04
2.827400000000000000e+04
2.732600000000000000e+04
2.693400000000000000e+04
2.618600000000000000e+04
2.558900000000000000e+04
2.526700000000000000e+04
2.503300000000000000e+04
2.452100000000000000e+04
2.394600000000000000e+04
2.365800000000000000e+04
2.309700000000000000e+04
2.243700000000000000e+04
2.160700000000000000e+04
2.026100000000000000e+04
1.881900000000000000e+04
1.759400000000000000e+04
1.637700000000000000e+04
1.527700000000000000e+04
1.448600000000000000e+04
1.383200000000000000e+04
1.332500000000000000e+04
1.280200000000000000e+04
1.232100000000000000e+04
1.179000000000000000e+04
1.134000000000000000e+04
1.108300000000000000e+04
1.094500000000000000e+04
1.074900000000000000e+04
1.069300000000000000e+04
1.051800000000000000e+04
1.051800000000000000e+04
1.054700000000000000e+04
1.032500000000000000e+04
1.044300000000000000e+04
1.048800000000000000e+04
1.026600000000000000e+04
1.042500000000000000e+04
1.046700000000000000e+04
1.050900000000000000e+04
1.053600000000000000e+04
1.065400000000000000e+04
1.063100000000000000e+04
1.066600000000000000e+04
1.084500000000000000e+04
1.087300000000000000e+04
1.115400000000000000e+04
1.147300000000000000e+04
1.165900000000000000e+04
1.202700000000000000e+04
1.235800000000000000e+04
1.241200000000000000e+04
1.241100000000000000e+04
1.223000000000000000e+04
1.212000000000000000e+04
1.196500000000000000e+04
